# Created by Octave 3.8.0, Fri Jun 16 10:33:45 2017 CST <earthaa@Zhous-MacBook-Pro.local>
# name: a
# type: matrix
# rows: 5000
# columns: 1
 0.9995223039089896
 0.9999309849557337
 0.9996202518868469
 0.9999236828754399
 0.9992297962682727
 0.9999998681529215
 0.9993454989817979
 0.9637053247027801
 0.9996423685184476
 0.9992755952237814
 0.9966012277273986
 0.9998516252551861
 0.999982623795402
 0.8980262299677573
 0.9999990001689139
 0.7999803549592318
 0.9999991805120122
 0.9999934411401101
 0.993459312102579
 0.9998158319032732
 0.998746020576138
 0.9985352117358341
 0.9998916476941091
 0.6428026770854264
 0.9923403586699897
 0.999978018319608
 0.7267876424788438
 0.9601025695693536
 0.8807615507216698
 0.9998168840797227
 0.9823964041741304
 0.9999978981183449
 0.9999987580115584
 0.9874960406855273
 0.9999997690490834
 0.9968473907190146
 0.9999037382183121
 0.999993254211451
 0.9999977210840808
 0.9999997664903165
 0.9999973864164681
 0.9999954835826035
 0.9969965305997374
 0.9997659227952196
 0.9999720200641277
 0.9999364530281316
 0.9999834977759408
 0.9953396390924127
 0.9993144327755888
 0.991737384615259
 0.999970716302675
 0.9992343797099624
 0.9996526002718943
 0.9813423210092653
 0.985913991862194
 0.999966861410588
 0.9972176290134671
 0.7614570976198949
 0.9871646506966743
 0.9986922946326172
 0.9987473893218753
 0.999918971392333
 0.9999029221254959
 0.9980905966979191
 0.9911664079283554
 0.7798975255870143
 0.9849989502877928
 0.9998915837403903
 0.9990499323970695
 0.977194909080109
 0.9990226010691817
 0.9955510344897035
 0.9999844352655202
 0.999950684915662
 0.99755048309355
 0.9995115668469604
 0.9999895291343815
 0.9999866541418644
 0.9769046384191075
 0.9979982114897354
 0.9952307703842642
 0.9999549285630097
 0.9983587571421291
 0.9997484382300476
 0.9839601818958856
 0.9422451879835926
 0.9721432971937252
 0.8758234302781299
 0.9972413854016874
 0.7148268782444357
 0.9982674646727808
 0.9988094444542541
 0.947114088861328
 0.9935721103216203
 0.8462903693493845
 0.9986733681806582
 0.9720942714932186
 0.9523769381757498
 0.9851034962288088
 0.9999781993868031
 0.9114155899726198
 0.7832702595154754
 0.9999109243500912
 0.7738667026962747
 0.8256346603360286
 0.9870281591343357
 0.9997214346488122
 0.994402972570713
 0.9990030953962697
 0.9516043355592699
 0.9996137931035702
 0.9926948324797192
 0.6618418256981687
 0.9950192792944613
 0.8053223221024223
 0.9999291396957501
 0.9977108028983224
 0.9984829651279161
 0.9999209206709729
 0.9984162958297229
 0.986174692147502
 0.9420516387600295
 0.9999000691266491
 0.9998739507850237
 0.999857067251101
 0.9999968596517012
 0.9984375344562892
 0.9999378691811137
 0.9999996396186037
 0.9766615241480523
 0.9999920014900069
 0.1789584004796417
 0.9996009546574957
 0.5503380375877939
 0.9996950941694753
 0.7851829485542813
 0.9999960358693601
 0.9998413747477186
 0.999920243818926
 0.9999603400094116
 0.9036027465617241
 0.9999721662995311
 0.2455715299375199
 0.9999019089044688
 0.9981475438305812
 0.9971887562455579
 0.9919016272162062
 0.9999476532807741
 0.9894274633789293
 0.9973842589937003
 0.9964161517659077
 0.9999357158179338
 0.9964877288599039
 0.9999017132023386
 0.9838774026072151
 0.9998655331883805
 0.9999947017173174
 0.9999972844017047
 0.9891821349871881
 0.9992877390941398
 0.999997041549305
 0.999793103965233
 0.9999902795834178
 0.9999977023520233
 0.9999862096547317
 0.9999489094816977
 0.9993603580345356
 0.9996499646090994
 0.9999771877170078
 0.9987595969868452
 0.9992166440698359
 0.9587708376402381
 0.9994562968078022
 0.9999995813016377
 0.9999356746814581
 0.9922932534272262
 0.9985574996980744
 0.9489988941695848
 0.9996245524767773
 0.9999893573487634
 0.9594772411122048
 0.9996205690338485
 0.9981760608404026
 0.9999773905555763
 0.9999889372862771
 0.8688652210455727
 0.9950673096819354
 0.9999899873580977
 0.9999714035661411
 0.9999927712893772
 0.9995541912131455
 0.9999990079337705
 0.9999883621295793
 0.9120745477213026
 0.9989705383283373
 0.9999963761949618
 0.9961812550270573
 0.9995789080228886
 0.9999345194595672
 0.9999824215973809
 0.9893798597522142
 0.9990549007077817
 0.9999998581959854
 0.9999715793347823
 0.9999921825329862
 0.9795327122404488
 0.9999987459378149
 0.9989170692061451
 0.9998986663326914
 0.9810161545605759
 0.9989235271921523
 0.9999999485339683
 0.9999991144373372
 0.9999958143425833
 0.9393975493977218
 0.9999424890467979
 0.800269310973034
 0.9999999072790361
 0.9999975296906656
 0.9999952386438721
 0.9764744427422952
 0.9978945443228393
 0.9999997032581579
 0.9994268131861975
 0.9894214232262273
 0.9999726345241012
 0.7536189576824832
 0.9999829579704573
 0.9999292305435065
 0.9664826497462652
 0.9977623074129128
 0.9999502175671079
 0.999906000968335
 0.9998729673919892
 0.9985414455926293
 0.9999991494067534
 0.9448519493116594
 0.9997620606088995
 0.9978450364209762
 0.6745352229563397
 0.9999945415725178
 0.9995406726673699
 0.9984137884324312
 0.9983597970605486
 0.9794154688300906
 0.9640788327750969
 0.9468139797732876
 0.9995826363712563
 0.9359332318418021
 0.999807851011566
 0.999579038373698
 0.9992778057092356
 0.9999188649675467
 0.9997891896553326
 0.9978947408854425
 0.9997269350084125
 0.9957724921754677
 0.9881824516774079
 0.9998282672515361
 0.9971256574774519
 0.8788218027007971
 0.6939376418119537
 0.9984373451737132
 0.9999407635402957
 0.9999739938277137
 0.7981123847602013
 0.9948088309368788
 0.9299016028016761
 0.9959262795723909
 0.9817298320140938
 0.9999960225663893
 0.9971355087377788
 0.9981260000883794
 0.9999932185369536
 0.9999995819405649
 0.9990690035248937
 0.9999116058116675
 0.9999893927380362
 0.9999879726054036
 0.9999759089254797
 0.9999793146628672
 0.9932289000077336
 0.8839954114361702
 0.9996863127019149
 0.9998963748673513
 0.9925319179924272
 0.6092752433914161
 0.9999787179806517
 0.9810732329887307
 0.9992287601589391
 0.9999337669271274
 0.9999982487303275
 0.9928605674755356
 0.9941340885929683
 0.9996072912968326
 0.9982933550430141
 0.9986963057488321
 0.9999379313463278
 0.9991294854768288
 0.9999836211270059
 0.9997090831907629
 0.9988668915187896
 0.9983968022184991
 0.9999413666779822
 0.9992997599340291
 0.9999406646229559
 0.9988024398873452
 0.9871642468102467
 0.999978258349848
 0.999877122799852
 0.9998908919127886
 0.9991544759850715
 0.9999978842800269
 0.9999731728510233
 0.9999982059115116
 0.999973395729377
 0.7491771979259869
 0.9841742131730675
 0.9999320191564234
 0.9982279822138039
 0.9998282304956929
 0.9999943076349807
 0.9999598736711595
 0.9984954005397564
 0.9998797880818788
 0.998662968561349
 0.9998633564516708
 0.9990339560878567
 0.9996470635627378
 0.9744327725959379
 0.996849382787771
 0.9996358980093337
 0.9999921599941539
 0.9983005144643704
 0.9999904645930726
 0.9997791956186359
 0.999995543704517
 0.9999911316569174
 0.9999999270711946
 0.999936739967931
 0.9987952223227664
 0.9559315355741034
 0.9997527408623018
 0.9682251187515631
 0.9574932633403622
 0.9999992648478888
 0.9995737767669236
 0.999593213037406
 0.999821152792693
 0.9972264326874509
 0.9999998280442828
 0.7774013019007344
 0.9840388708323209
 0.9999651671507914
 0.999547129258845
 0.9991136223962269
 0.9999829272860757
 0.4624919339076608
 0.9587598346256208
 0.9999668077738761
 0.9999998488261768
 0.9998672106162383
 0.9952240295809552
 0.9401133612518054
 0.9993459688341592
 0.9995222796245941
 0.9998403533954736
 0.9915783895892643
 0.9999964347773457
 0.9407667542935725
 0.6869158066062172
 0.9851007286659409
 0.9999605667462216
 0.9694339156906642
 0.9973281200168167
 0.9998504709224304
 0.9997966180529063
 0.986668643457282
 0.9975048586138147
 0.9999951389534217
 0.9991913158330085
 0.997560281020345
 0.9999993352693277
 0.9991669954746067
 0.9999890853784743
 0.9996694152855677
 0.9999980173222066
 0.9999938262433221
 0.9849450356945004
 0.9924984509805567
 0.9992122350936405
 0.9999994946619466
 0.423288720273346
 0.9963058496962054
 0.9997353172904266
 0.9999269734840489
 0.9273915404586692
 0.9999999214403925
 0.9968566538134461
 0.9987785323128613
 0.9985266318616136
 0.9978018189390987
 0.9999988834607513
 0.950760737111305
 0.9999608845350469
 0.9997621260915539
 0.9972089749438771
 0.9999965464353686
 0.9727551430378485
 0.993372434452015
 0.9991761483555108
 0.9907687363815717
 0.944514843469841
 0.9999444256263488
 0.9994448003197107
 0.993617643267775
 0.9999451656457314
 0.9998603777387419
 0.9958645998589278
 0.9927665240905851
 0.9988412522451774
 0.9999224524623656
 0.9772356392290968
 0.9999401834707643
 0.9999936882201368
 0.9999714000770246
 0.6512485719559802
 0.9998127448053651
 0.9882407118712589
 0.9999971313270012
 0.9998116070881659
 0.9999929376094872
 0.9999844830708696
 0.9999946829903601
 0.8684501333736904
 0.9999221527656392
 0.9999971303807778
 0.9991378461681536
 0.9999490268997374
 0.9997332751282528
 0.9938676754984834
 0.9943791640093794
 0.9999876308090858
 0.8780747153401594
 0.9999967152156841
 0.9999981329060228
 0.8590943148692359
 0.9993650034583956
 0.9513400771260008
 0.9773168864025668
 0.9999489234808004
 0.9994971674690896
 0.976642485586192
 0.9917857064941905
 0.9965940243834648
 0.9999999628693392
 0.9473708547877699
 0.9926300666654342
 0.998394748985562
 0.9992033090826237
 0.9999606724913944
 0.9846110467339579
 0.9995774356253339
 0.999974877356441
 0.9999999669561896
 0.9999390868126343
 0.9904674832151784
 0.9999902998872433
 0.9999188047944817
 0.9998865246245945
 0.9977913437713202
 0.7836798863905803
 0.9986050232341107
 0.9935241826681571
 0.9973586740994462
 0.9999586670687584
 0.9995610791153687
 0.9998290300813025
 0.9159169524069056
 0.9999464377734418
 0.9971988952412889
 0.9997293424051503
 0.9997845486944649
 0.9957535410820166
 0.4888751791332077
 0.9998634751737561
 0.9999968827487959
 0.9999687438549725
 0.9477300412127344
 0.9905766742049305
 0.9999401842609064
 0.9997873955999088
 0.9999785299666045
 0.9998614313513058
 0.9999944433359755
 0.999827395694645
 0.7490570997582072
 0.9999953477479384
 0.9998747788589486
 0.9994544415757715
 0.9979439292132454
 0.9987232537140696
 0.9915720655358951
 0.9955185950074146
 0.9984947796287866
 0.8893429780279254
 0.9995995914849717
 0.9969925220609228
 0.9994844590914147
 0.6758628860059469
 0.9928639016464894
 0.9989004624471246
 0.9933134615168617
 0.931946482192643
 0.9928475540850675
 0.9958400805217911
 0.9900397424567479
 0.9999617520697252
 0.9988689754758059
 0.9898778547209589
 0.9996084671510443
 0.2741251349066266
 0.9965246481829851
 0.9988517617438124
 0.9936371625074795
 0.9967195722112214
 0.9575857110685065
 0.9875539595565722
 0.9988483264390337
 0.9874442279178476
 0.9993717153087733
 0.6368025296984102
 0.9989307976807135
 0.9983413338993137
 0.9988970160849393
 0.9977829416057373
 0.9931608777554919
 0.9971319230097013
 0.9880085658157649
 0.9951169861905612
 0.999953618335262
 0.9990984185684045
 0.992170565336451
 0.989037347813848
 0.9948928366826318
 0.9961561431101215
 0.9854487497426468
 0.987716175281555
 0.9705769557836335
 0.9589135031931846
 0.9986987875467832
 0.9974451517946916
 0.9953197167235418
 0.9990369193963828
 0.9879863858027226
 0.9776544180549894
 0.9904162957758379
 0.9994199344778759
 0.9991594261815347
 0.9954353765484169
 0.97688008600639
 0.1973885853858002
 0.9920394928586362
 0.9968892558849869
 0.8001920733158749
 0.9631725243342288
 0.9602270081991866
 0.997714926512432
 0.9164278166878279
 0.5820376444523885
 0.8853374211773211
 0.9845823490000827
 0.9676915336605335
 0.9806793897894905
 0.9984284768999909
 0.9999700347776093
 0.9989340288969498
 0.9647125998447509
 0.9992006289202986
 0.9231559202290295
 0.9981427695765738
 0.9833438780282378
 0.8209440586076846
 0.9988765323457353
 0.9986113403494764
 0.9973466863289309
 0.9925458176811496
 0.9990965636662485
 0.9930183731418608
 0.9982398612294873
 0.9994804367365763
 0.9958441193697536
 0.987032068121974
 0.9994959364218251
 0.998267913265434
 0.9997662142914495
 0.9987644418880436
 0.9928258885070396
 0.9954174065281955
 0.9937731073962559
 0.9974413576899805
 0.9938545441552014
 0.9967525906647354
 0.5975420534828098
 0.9996359495074044
 0.9988414465208433
 0.9993135445606328
 0.9998467578582406
 0.9948590094348533
 0.9993136213114818
 0.9993625245568902
 0.9983434381604732
 0.9994898768143758
 0.852363825788761
 0.9904066318467822
 0.9988970984425044
 0.9811333603597497
 0.9978256661207249
 0.9960920780023662
 0.9752282773844978
 0.9356564683679751
 0.990379119797661
 0.999405673829156
 0.995394943729672
 0.9993418702832338
 0.9654354630880164
 0.9907019144792784
 0.4263749605659751
 0.9635465376663191
 0.999001761480233
 0.9827454469295478
 0.9886210611511436
 0.9998710860573015
 0.9987731871025307
 0.9948647454108251
 0.9920119278144577
 0.9998658658400245
 0.6688080759724168
 0.9150557369008966
 0.9812854855929505
 0.9942838387892113
 0.9989293560318079
 0.9974693072154697
 0.9980441258901235
 0.9950035300615738
 0.9998247397914738
 0.998262046108837
 0.9985679240159158
 0.7099078969668861
 0.9997012923217597
 0.4938559435528813
 0.9538363974794328
 0.5166728587844619
 0.4960828948819693
 0.9963302475237773
 0.8905007069628661
 0.9984486857808607
 0.8787549658968621
 0.9117121039960918
 0.4974089504845191
 0.9996950112615468
 0.9345895758535696
 0.9939692865681538
 0.9993273495838941
 0.9988697126229362
 0.997481136868995
 0.9975656813505058
 0.9984565728522411
 0.9061738750663348
 0.9755014351902824
 0.9976045503103219
 0.9934601417694235
 0.9992350726955311
 0.9989869333976554
 0.9992705752455689
 0.7281805961623126
 0.9926664946706242
 0.9841015463447781
 0.9991943587449019
 0.9963779204927518
 0.9930953477133238
 0.9856869060739766
 0.9443426349361946
 0.9983046725343198
 0.9949816097312745
 0.9960246236769367
 0.9944125881614646
 0.9554581018345759
 0.9883982994176048
 0.9900541354367285
 0.9850683680297125
 0.996894040239474
 0.9853282750696721
 0.9917780994141157
 0.9997178712062731
 0.9939025833277592
 0.9992959500044494
 0.8053856517226872
 0.9893969915864678
 0.9938916928184374
 0.9086949904019371
 0.9972211001721619
 0.9970670350762574
 0.9981634530407247
 0.9970611888784576
 0.9914260481370317
 0.9692674269343864
 0.9983357235482698
 0.9043435219262204
 0.9717406170019292
 0.9765510596210411
 0.980376489178488
 0.9661350351239002
 0.9998488075490511
 0.997583405393543
 0.9998263799780323
 0.9955350376299702
 0.9993857310201052
 0.9737116445783494
 0.9875888657671827
 0.9980140717331184
 0.9878072178365394
 0.9966620623907519
 0.9266235175301796
 0.6810778352699552
 0.9947897450459436
 0.9996947198937685
 0.9653744204532196
 0.9979554571607747
 0.9604418386001313
 0.9998992357064559
 0.9991095402263847
 0.9886034133003065
 0.9969367116501622
 0.7453835375698988
 0.9999313371880619
 0.9998311648563684
 0.9997159756863202
 0.9996396980363738
 0.9984344149567861
 0.9992036299497302
 0.9832713418113175
 0.9751275084814408
 0.9952149842720336
 0.9933524298635605
 0.7461218738481797
 0.9988609416256585
 0.9912796331581291
 0.9959480049002849
 0.9904752336622503
 0.9925124589023815
 0.9700318885910486
 0.9992608398298964
 0.9773427167847155
 0.9804609615448833
 0.9915034300031571
 0.999623895043622
 0.9986653619262512
 0.7542052200388972
 0.7500811761049662
 0.9996164021304864
 0.9986720093226393
 0.9981971441766563
 0.9994777427343521
 0.9998433416301773
 0.831150032040941
 0.9950689280174763
 0.9725062226413353
 0.8270806877366056
 0.9992115946258524
 0.8492898732464877
 0.9979619752522543
 0.8509044097217386
 0.9980947554699814
 0.9894897842970135
 0.9997302908849004
 0.9975470717785544
 0.9993677950075696
 0.9868090103770939
 0.9805527321623917
 0.9972863717626727
 0.9946463951902331
 0.9998330341061826
 0.9997491471802619
 0.9995413276236896
 0.9852942593981817
 0.9933280738042929
 0.9914034069532665
 0.95997774316215
 0.9942378257038873
 0.9989420500662716
 0.9992538055172887
 0.9556406853664717
 0.9982633196146967
 0.9975635420424445
 0.9941403227897622
 0.9164058133276932
 0.9933585972007557
 0.9978651510351212
 0.9998628967291964
 0.9992866406110869
 0.9986723788367727
 0.9993406911745808
 0.9626498876158069
 0.9857846950365269
 0.999939013698967
 0.9998291024383995
 0.9736054147539519
 0.9903903177297462
 0.998495280719451
 0.9956245460112852
 0.9960998850978311
 0.9977816252088872
 0.9903049462491186
 0.955553643678706
 0.960072408271094
 0.9733789209278014
 0.9723981474691284
 0.9155949784045353
 0.9788917488737672
 0.9949253215760302
 0.6525464225152261
 0.998963538495441
 0.9983072910461286
 0.9979326655306164
 0.9989137726918954
 0.9994354973534012
 0.998657612759409
 0.8954375078771885
 0.9937868989111732
 0.9987919230183119
 0.9970155039679353
 0.9992254064432902
 0.9901688696014607
 0.9982803729209472
 0.9993078528863982
 0.9630898403489536
 0.9854415875110297
 0.9833973520757278
 0.9998062452612921
 0.9204361953808012
 0.9456416252433156
 0.983586721559992
 0.9995916229243514
 0.4909032925235498
 0.9834843451375466
 0.984633865942467
 0.9958137647096028
 0.9968451060479959
 0.9927449012721267
 0.9999230437229787
 0.9237030349459189
 0.9987114470244047
 0.9934337891083564
 0.992231011481071
 0.9997867351868805
 0.9994010667905286
 0.9982510332005434
 0.9605297883546383
 0.9924180849848517
 0.9789099819794662
 0.9961727442006956
 0.9984631911284488
 0.996217009596119
 0.9979599976864966
 0.9411898558721971
 0.9947151384513067
 0.9871848918967571
 0.9996976620730768
 0.9998367464991543
 0.9989942948636054
 0.9961869998582266
 0.9993702420751143
 0.9997417544243491
 0.9772887231006142
 0.9998278601574131
 0.9998991351535724
 0.9945158216554761
 0.9884054915067046
 0.9998117519593706
 0.9983409036341244
 0.9812012231294562
 0.9877599004994863
 0.9200823214690802
 0.7283104152945188
 0.9988480898414153
 0.998470078277447
 0.9974469532664613
 0.9990217065487946
 0.9939469983876457
 0.9823043949027537
 0.9750883926637147
 0.6596326381438911
 0.9983387909863624
 0.8760894714507965
 0.9999639795649603
 0.9968922056195596
 0.9977547442803179
 0.9954507959523237
 0.9985398254019526
 0.9914402988975684
 0.9987636125468031
 0.9360071622752342
 0.9962597471617282
 0.9965694805806312
 0.9988359344711241
 0.9944749453834162
 0.9973719004215938
 0.8131812620902479
 0.9998108715321794
 0.8565947978553928
 0.9998750938173008
 0.9991874254775638
 0.9791958917247119
 0.9995383220977079
 0.9697873209733293
 0.9994551557565738
 0.9945097771823204
 0.9941501807093192
 0.9646717350940658
 0.9805622662778555
 0.9914899403833007
 0.994615409496033
 0.8664990804584068
 0.9981402221633076
 0.9986280356509079
 0.9996728594897598
 0.9919071313518119
 0.989439440340906
 0.9276188515952135
 0.999551080479806
 0.9783132951432515
 0.9896515655689111
 0.9969384076611872
 0.9977638621583836
 0.9998193440084798
 0.9832616300461164
 0.9956391111206376
 0.9937443803839445
 0.9976153815447885
 0.9803988421398735
 0.9959864197227745
 0.9889869553259979
 0.9997287224146271
 0.9983121595716515
 0.9882985512982573
 0.9990838695193768
 0.9961928303340638
 0.7954585882422079
 0.9842808522809661
 0.9993110162845728
 0.7176108861310952
 0.4633587715771911
 0.9979165674155671
 0.9998447284772314
 0.9998821829292591
 0.997894398323226
 0.9981796119829549
 0.9881119124852489
 0.9864923270522127
 0.9893250423816075
 0.9860341859981198
 0.9974775012788575
 0.9995898459017932
 0.7940979916801884
 0.9937284238658501
 0.9962152925510577
 0.9897896987133209
 0.9965796526644505
 0.999159828624514
 0.9991290874486503
 0.970991263508079
 0.9850374222461092
 0.9963353286228417
 0.7469843410663841
 0.9710498390376837
 0.9989170556132527
 0.9979354059461424
 0.9995484174311047
 0.9998984894673691
 0.9955326847089078
 0.9998761113847491
 0.9988091712874568
 0.9934062096808609
 0.9899301391088182
 0.9997001868458393
 0.9959501133220802
 0.9992018998202108
 0.931961779956632
 0.9948229834425317
 0.9907952313214132
 0.9930049536781796
 0.9828368807180433
 0.9995830553307399
 0.9868313797965794
 0.9851741804360139
 0.9825624264316956
 0.9878121439118951
 0.9661804005393284
 0.9977596508548298
 0.9117002937523858
 0.733937330464228
 0.9464399191764934
 0.8825926286872713
 0.7454963449295426
 0.9999451888338918
 0.2235721951644478
 0.9982206235882464
 0.6441312350520624
 0.9748075547992774
 0.4330451096972333
 0.9984273705518757
 0.9220132814613522
 0.9995046930374176
 0.9432289347673822
 0.4182042010116585
 0.9914689619519172
 0.9800567666829165
 0.725880608754629
 0.99695226741061
 0.9999947267768799
 0.9999402022309865
 0.9960094786470766
 0.9879224947574602
 0.9993165295275749
 0.5332012203005438
 0.9794384702454374
 0.9997817868055332
 0.9999760089407319
 0.9914259395009373
 0.97366872200985
 0.9998189678471552
 0.9986386356839001
 0.9999028342375007
 0.9989059078701675
 0.9996759385648544
 0.9988778177746066
 0.9999978144386229
 0.9992962754851782
 0.9986443674035691
 0.6792626592686597
 0.3263140642800349
 0.9998362613013952
 0.9999089483135816
 0.998928060472184
 0.6987526853231363
 0.5526592042997128
 0.9917194556211678
 0.8246524620758334
 0.9887229295633649
 0.9968830855666424
 0.907302643091915
 0.9945927684616621
 0.8848573339668058
 0.9982783433164484
 0.9508920618101323
 0.911979315545749
 0.6245207089433518
 0.401846237490444
 0.9684529710221664
 0.9998979727621626
 0.4957267188481023
 0.3829179670871922
 0.9569724191380208
 0.9604716371578416
 0.9994289016840222
 0.1100681169094804
 0.7921557056196868
 0.988834251752853
 0.4156183111578025
 0.9893984939128622
 0.6134333458051106
 0.9997903808479219
 0.5766436934101195
 0.7934024688542566
 0.5576969422252359
 0.9957595181005472
 0.9473869413682872
 0.3149356014785651
 0.9997463680051397
 0.9998834277616577
 0.7692986952531238
 0.9833540762727969
 0.8224798711559167
 0.9999936633507348
 0.8397664348087331
 0.9688461045472625
 0.464342861346993
 0.9981346601845957
 0.9056255873127702
 0.8584420970360037
 0.9995932334828569
 0.7675477082973674
 0.9578646218456
 0.9983473746383977
 0.4791347547633679
 0.6854083693836068
 0.8884364728900057
 0.6825890953917289
 0.9998005562547548
 0.8937487008640818
 0.8152032659917505
 0.971114751450262
 0.2864650366755952
 0.9999994359624338
 0.3693386598351102
 0.6313725408179321
 0.7713631148894102
 0.9593233369158018
 0.2464030821998413
 0.9993663013088958
 0.5968566400821363
 0.5500048915679016
 0.4655585831146268
 0.3502532642747778
 0.9287787777126759
 0.9999691145853666
 0.9999484408371
 0.9999963696100481
 0.741526484425328
 0.9959908413365702
 0.9977574684595101
 0.9999590152376938
 0.9590794625404454
 0.9999885774241575
 0.4047452635262515
 0.9717933677791984
 0.6638549431042482
 0.8511968379318878
 0.936007832578695
 0.6287633627190905
 0.5820252369767329
 0.9981405690828817
 0.4631242566322222
 0.9990595143591579
 0.9999913505862323
 0.9999814155488164
 0.9973641318360995
 0.984632482136279
 0.989465644728512
 0.8076107318421636
 0.9434842772135767
 0.9939573930239571
 0.8725234957329236
 0.6555807466586071
 0.07768123454318397
 0.9590268065375602
 0.8546520722318166
 0.9634715025465893
 0.9999955783844536
 0.985383166755165
 0.993222374788256
 0.5597457339166554
 0.6056078356065191
 0.8483677796731319
 0.5134097750522335
 0.9693026333263313
 0.9954099452958202
 0.3865603995773294
 0.9646760921042312
 0.9999884479254448
 0.9301775416925225
 0.9999851461642133
 0.9754408447315508
 0.7712223834186243
 0.9993485946801993
 0.9989586941332294
 0.5558765707291671
 0.9997489512237562
 0.01580842000594381
 0.9944944695167816
 0.9959150625670973
 0.9888197438338173
 0.9944725388324125
 0.8631095354427996
 0.8581486652040126
 0.9412190443839781
 0.9327590948015596
 0.9971589797830859
 0.9967505644683629
 0.9528609455056296
 0.9901700246648831
 0.8494331570101075
 0.9663775846545311
 0.9647881365542016
 0.7206116865293718
 0.9998803354184241
 0.0977022732416022
 0.604123545581129
 0.276273783069881
 0.9933100989978462
 0.9950210824937632
 0.9999340456693172
 0.9951558309446366
 0.9909953686325549
 0.9950441216705416
 0.3395294164849492
 0.9853940603493201
 0.9999985950582125
 0.3332833619235198
 0.998075638992994
 0.9999641261351813
 0.9893132444651329
 0.9997947822853847
 0.9999735674348963
 0.999883696287782
 0.9997378011807191
 0.6038999832742604
 0.9984766437501665
 0.5911335334964162
 0.999991810361523
 0.8356266824565129
 0.9998848964682929
 0.6621403756800001
 0.9987850478702988
 0.9934166217427727
 0.9993971375286739
 0.8146807517694639
 0.9953916650101841
 0.9982883985890644
 0.997932356653381
 0.9999686114360601
 0.7825847557805236
 0.9998425357053257
 0.9954294798641828
 0.9997994718033975
 0.9992178663854827
 0.9999054894722751
 0.9955473817947283
 0.9872084660075106
 0.9621888212132117
 0.844778019900522
 0.9986015806281194
 0.9998820480079118
 0.9963479901637483
 0.9727725730113864
 0.9993716812546179
 0.9995430615250458
 0.2366915173575098
 0.9921046933815587
 0.9999006106210986
 0.9973110243586366
 0.9559887941126251
 0.9675174010956625
 0.9994040949081292
 0.9068948445416446
 0.9993282110638777
 0.9955211507552941
 0.9971419855649214
 0.9958607508276969
 0.9966795761612385
 0.9795762835501906
 0.6012237078699876
 0.2061313773297452
 0.9790230810122417
 0.9981992295825676
 0.9999377941654611
 0.9966871396195676
 0.9983971949834937
 0.999999088573766
 0.7680020228205183
 0.9999140204853445
 0.9917082364175409
 0.9918009008680627
 0.9812657237456219
 0.8805365016059509
 0.99968995698778
 0.2079120542271979
 0.9997268350870566
 0.9966468742228233
 0.8752830577828919
 0.3670235921119245
 0.9999867712412441
 0.8593026906297121
 0.9997274266720407
 0.6894193680360325
 0.9109931796403947
 0.3545539167038984
 0.9985292400677077
 0.9999900928068151
 0.9051608539781713
 0.8570410588190897
 0.9966612652637156
 0.9682053987446705
 0.9775403989690067
 0.9990341452599655
 0.9990378912619057
 0.9863115766627946
 0.9999501457683356
 0.9998983986321561
 0.9997958486603769
 0.9404949759299278
 0.03439860762432184
 0.5864811404044213
 0.9979845149614884
 0.9969597943488008
 0.9955259780761879
 0.9822218700962907
 0.987689116907405
 0.9995495014444065
 0.9998940381698499
 0.9979089384262381
 0.8602959117426622
 0.9887941021444764
 0.9999923019858636
 0.9950669150694245
 0.9230191833823923
 0.6684450576640607
 0.9920494466836901
 0.9989561827220298
 0.9988662364806616
 0.5944512251446958
 0.9949516898361377
 0.9972261903348981
 0.9950186555625629
 0.9864524558085828
 0.9592829951121135
 0.4728731521947517
 0.9999779972951921
 0.9995901817563182
 0.3836532540661836
 0.970635268194151
 0.9313863889985187
 0.8148906292443017
 0.9999066644956289
 0.9903249366591036
 0.9959298202003862
 0.9955063934457293
 0.7292468214198498
 0.9995635990460233
 0.9997578788992622
 0.6706018723197865
 0.9653099675510617
 0.9999076337006451
 0.9991806702258841
 0.9927666159783092
 0.9995144168627027
 0.9998467022810219
 0.9996423695337961
 0.8276030714837933
 0.7707241088890199
 0.9910492538418613
 0.9978600373695867
 0.9909815468361606
 0.9945739171578165
 0.4959021904607652
 0.8734840670394215
 0.9991807435382889
 0.991065315857378
 0.9889462976432108
 0.9933535330481138
 0.9999887752748564
 0.9987365157677557
 0.9999725408939938
 0.9375576546552513
 0.9999968004387646
 0.9999995683588865
 0.9993969764421538
 0.8698912651605752
 0.9999959388295957
 0.9999946807385431
 0.9997835106517062
 0.704275806986815
 0.2860783949718596
 0.9998990293686595
 0.9949507175377138
 0.9683624665432483
 0.9688806205696343
 0.5748971619693772
 0.9988764849366514
 0.9999192563560282
 0.3991333223678954
 0.9956320512839864
 0.9082106233152276
 0.9999422261310986
 0.997705122037393
 0.9999748170674376
 0.9977442746098685
 0.9984625160091305
 0.9488856647519157
 0.6000812866495933
 0.9998622193914664
 0.9074982868468467
 0.393155347373251
 0.970855744808547
 0.7857568911528087
 0.9916977822226135
 0.9977231376157145
 0.9986265488988441
 0.9604376687101074
 0.9848960173205309
 0.9994734480796641
 0.9996383286368553
 0.586671945977099
 0.001953677738882367
 0.9876257395997847
 0.8989120754045123
 0.8023534002898106
 0.9927854299120956
 0.3063651783173609
 0.9986906439698092
 0.9980834724954403
 0.9999855707971622
 0.6441891072160815
 0.9921745038265469
 0.9805300654306192
 0.784520649072744
 0.9778573572979865
 0.7969806610135616
 0.9980792369373234
 0.4559050938860936
 0.2770192325442092
 0.5871134317609554
 0.6011795731933245
 0.9983438419009851
 0.5268483205997749
 0.9591543863958033
 0.7080823276805656
 0.9168985789951754
 0.8896264477660061
 0.9957492414458403
 0.4078460731098988
 0.9961874071436471
 0.8504189240026049
 0.9506242984575737
 0.9681806966161693
 0.9984886323731391
 0.9889251457863024
 0.9818074967526492
 0.9938396067401102
 0.9751273982463668
 0.9647092762382616
 0.7177292120651504
 0.9371407284950976
 0.9984337645991247
 0.80734264337255
 0.9598362163740525
 0.4020695997736388
 0.999365679091224
 0.8738725724698378
 0.2889801616501956
 0.9911039404596311
 0.997971458907409
 0.4506452637732077
 0.9076716399988497
 0.9848834391611335
 0.9981943137887646
 0.9664769853323623
 0.99996953179307
 0.5199419401538385
 0.9999870836790038
 0.9999981700116956
 0.9796691251470214
 0.3124520341871452
 0.9996266146818917
 0.9808612980181471
 0.9810624687197381
 0.9666425313358988
 0.9998906457608048
 0.9989126353589511
 0.9951207883356632
 0.9006837477197791
 0.9999977074947146
 0.8291377123035949
 0.9777875344323134
 0.9749510953692122
 0.9388048347874571
 0.9997135427169908
 0.9997864888569014
 0.9998141290192157
 0.9999777750504961
 0.9999810763777817
 0.9981179376490501
 0.9992742061276412
 0.9999691815951963
 0.9969312308150855
 0.7415806475369549
 0.9985023112476029
 0.9899680431314182
 0.5087874548519832
 0.8183156686972913
 0.6866380853913575
 0.3544945509441103
 0.9942363377591217
 0.1154707850304113
 0.7058016322367936
 0.9699016577206844
 0.9812042764817874
 0.4914617609898377
 0.9997166032348636
 0.282314933155316
 0.9970240730031326
 0.2599700030317165
 0.9851190313174758
 0.155506198958992
 0.8881261484327959
 0.9082737651630433
 0.7943686198999269
 0.3749432244226969
 0.9999733917878312
 0.9899029323416439
 0.9990308203303566
 0.9999830863330248
 0.9999964252255258
 0.9339342933003496
 0.9253216897317182
 0.9957467583876944
 0.9767344926186281
 0.9875380156979969
 0.8072279671673513
 0.9878853400408537
 0.995918309696682
 0.9952337332554761
 0.9961562296106599
 0.9935214973272237
 0.9515995642436991
 0.9993870139827168
 0.9818100114305965
 0.9282623540244118
 0.4893525172662212
 0.9874840841969199
 0.9780899347909008
 0.1440143009168199
 0.9999557706712396
 0.3601131422611783
 0.9992804781097391
 0.9998606010047086
 0.2961822744915816
 0.2737802524230344
 0.9996478019670203
 0.9961243750789346
 0.9977025940769551
 0.9865849986150653
 0.9919962382893113
 0.9864529286548198
 0.9805539768853281
 0.9713592256772094
 0.9996493978434113
 0.9794910712612305
 0.9988960588914044
 0.9991504485230941
 0.9970450379780882
 0.8669453515838808
 0.9945447295966832
 0.9890554426797225
 0.728784372888968
 0.9988198546713783
 0.9706167565795165
 0.9961670646738834
 0.9916879688150068
 0.6568724197770336
 0.3095048358097157
 0.7284519019113667
 0.987131056017659
 0.9861845053266962
 0.9952436213359565
 0.2577771609428073
 0.7158186431647573
 0.9188773559972684
 0.9490291529106516
 0.9985298260888461
 0.9973219410315808
 0.9577683544851708
 0.08957555793891724
 0.4483729709015844
 0.9998391706434886
 0.9905632792540051
 0.9985960730745298
 0.9937937681874403
 0.9986876569657558
 0.6453829540315006
 0.9824246241749583
 0.9549013837763863
 0.6137110072909906
 0.9955672440667452
 0.9914949978331931
 0.2738618860169368
 0.9102583859575889
 0.7694580746169987
 0.7746628098381885
 0.9257683873009055
 0.9999158384757566
 0.9981689520948611
 0.8917800418894902
 0.9722040203576719
 0.9371191603788845
 0.997917168224698
 0.9318803724116329
 0.06216353015245027
 0.9996467989791528
 0.8610795725074926
 0.9551210353888593
 0.7579103895478937
 0.4003388587066116
 0.6689814096654149
 0.4252239790785579
 0.6844800066439176
 0.9941136030184035
 0.8333438465452235
 0.7597176253054803
 0.9988004744007368
 0.2210013424467324
 0.1345497252956036
 0.9898884366109825
 0.9969186101181839
 0.8207983790127793
 0.9060291830328357
 0.2926992860787667
 0.9862003738436167
 0.5782265598339955
 0.7905423638011991
 0.1393656366040315
 0.967845435427213
 0.9973229748738719
 0.6465319996621696
 0.2659596510512443
 0.9936455293443245
 0.7741483747103791
 0.2687452907393925
 0.8944039879606728
 0.335441168836763
 0.9801758544012258
 0.9966277181532879
 0.948100535353064
 0.856460476164124
 0.9597486759430283
 0.7158359998054924
 0.685123981422645
 0.4960040713103916
 0.06935457443479366
 0.5320463995251908
 0.9340568808258929
 0.6987378787238293
 0.9982552889110354
 0.9999951014192449
 0.8444489000410738
 0.9897234589445791
 0.8491265834587157
 0.9801040423225852
 0.9666331949654363
 0.9222608142908556
 0.6912298676002083
 0.7109826525546572
 0.9759396296366037
 0.995079261841069
 0.3549654326298658
 0.9915508556772477
 0.9992968323206032
 0.9993332644266727
 0.9907755181137025
 0.722653317458964
 0.9885918574756625
 0.9808899713813078
 0.9418062664080198
 0.9969941191434275
 0.5601492087651045
 0.9828042742837967
 0.956362074026653
 0.6576685303741064
 0.8888384358208258
 0.991224069450908
 0.8926964267432295
 0.9213805758182202
 0.9992135025997702
 0.8100314631522975
 0.9722487301568314
 0.7130433242728825
 0.9991151455691459
 0.9966705643447564
 0.9884008245772765
 0.8088734393321948
 0.8164628370050458
 0.9994257163020203
 0.9956629391848854
 0.8571810650829839
 0.999981526664569
 0.9775752399138581
 0.2898237066748516
 0.5026677971364081
 0.9282293941475666
 0.9999768081189754
 0.2744332972289555
 0.9910026568147806
 0.9987629920533733
 0.9889203615325565
 0.9978387846405312
 0.9946161046778456
 0.9909879650374965
 0.9904818573011521
 0.3343036076539688
 0.9961663660412148
 0.9800914088799275
 0.9946023275917434
 0.9753959705174781
 0.9360355027609706
 0.7041794370477528
 0.1586990425325071
 0.3424888468037899
 0.9555168883480478
 0.9859120079016268
 0.4391848864610318
 0.9764411298981579
 0.9820943242823933
 0.5096006151258545
 0.7462814913610722
 0.9872849632358015
 0.95509920483235
 0.41208352277405
 0.9997383394160043
 0.9957986888453232
 0.956393150528973
 0.9853496527437627
 0.9642252816169988
 0.994363320001631
 0.9915777116672772
 0.9941891304551637
 0.9813741990777102
 0.9982871674439642
 0.9973952619207884
 0.3204310720255218
 0.9997563151827665
 0.9989189959078282
 0.5230974117277682
 0.9860932143423929
 0.9315400003288159
 0.2858214431712577
 0.9159117099241679
 0.9968684151490915
 0.9993026184320061
 0.5874732992847215
 0.9115732403198541
 0.9170032734610938
 0.2462567335315144
 0.9972295742975547
 0.7050079551735363
 0.9989098875499544
 0.633126732467324
 0.8999540426513557
 0.9831386621283552
 0.9048264987799688
 0.7359763243532771
 0.9998399170351702
 0.9999534154910465
 0.9746169828103556
 0.771809677861407
 0.7700180688919009
 0.6133569530504912
 0.8431746336664575
 0.4430409425694222
 0.9477881902552044
 0.9588316857925214
 0.3517983823393434
 0.9921563603353871
 0.9919281410430434
 0.8422436621613141
 0.9568502879215659
 0.9970611353703476
 0.1326305752874592
 0.7059659971042673
 0.9987788001272464
 0.1402506950350786
 0.995780950129551
 0.9867984332879811
 0.3877019450869899
 0.7815268201616528
 0.9982351565208615
 0.2573733185670194
 0.9994806344848751
 0.833742380735896
 0.7565333100996365
 0.9762520801722102
 0.8993299676308913
 0.8810556418169853
 0.9887434263856523
 0.9998253731659126
 0.9946267924326643
 0.6249607035589624
 0.9999905756691047
 0.6752870911929829
 0.9966282135217881
 0.6653919243891843
 0.9975033294623569
 0.984859689920435
 0.9993839978749599
 0.9986157214185527
 0.9544615727091633
 0.9950464880430733
 0.7335057524639421
 0.9406616247005277
 0.6885853237295503
 0.9991112842192739
 0.243842909338781
 0.9776467489615106
 0.9768305232122546
 0.9852896245638223
 0.987974645861088
 0.9890959446417567
 0.9988884522141507
 0.6928541964248813
 0.9990273752614472
 0.7573981232856342
 0.3402091487996843
 0.9183079104503131
 0.9853870992585997
 0.5290890441686171
 0.9809857869671051
 0.463472227429935
 0.9870729805000307
 0.9946345068490623
 0.9843402247094536
 0.7903632391736509
 0.9892601357983446
 0.882701767270149
 0.978146773551074
 0.9839864654324023
 0.7462302564990057
 0.99732172162969
 0.7587860481458211
 0.9701301930801265
 0.9101437145029276
 0.1688740208734291
 0.483207978519722
 0.98109817271833
 0.7895877422677945
 0.9939011064115557
 0.9545544789488437
 0.9979766168434873
 0.9924492923580682
 0.7236961011010102
 0.9965178525560995
 0.999588465999945
 0.9928793433036697
 0.9972132986937638
 0.999677657173716
 0.9994978886107598
 0.9198835619371337
 0.963401684613284
 0.9996141766649553
 0.9881165648700839
 0.9971795096731101
 0.9999917873236411
 0.8912336469194549
 0.9994704613410799
 0.9600935702352997
 0.9978293955585736
 0.7481169261777179
 0.9369051536824975
 0.9498210469352761
 0.9955843631120359
 0.9968829108995862
 0.8060497068729569
 0.9995990347229811
 0.8783113232992712
 0.9975309677047515
 0.9841646046636454
 0.9988006454654282
 0.99988620503329
 0.9998131955103139
 0.1887304314987327
 0.9999476253154368
 0.9999254801764628
 0.9978628961339582
 0.9646467491519665
 0.9946622097183183
 0.9985857360467058
 0.516761405160555
 0.9387715523291478
 0.9957221661478644
 0.9997826312461984
 0.9674654893711448
 0.996704028523072
 0.9654613334469677
 0.9402351982439434
 0.5007473146346418
 0.8485154537533662
 0.8793231081271338
 0.5516501237607169
 0.9506971458405103
 0.9984759921374468
 0.3379882342804876
 0.9999008268911919
 0.8126205432716119
 0.9682159619613981
 0.9999486595194975
 0.9985507308452097
 0.9599899107383204
 0.9943398677749954
 0.7950306890006328
 0.999069939161245
 0.9812498276326934
 0.9972900967211132
 0.9998963910467396
 0.9992941373932577
 0.9678651347247875
 0.9998822885628488
 0.9420872046037415
 0.9936696746763527
 0.9108874141804338
 0.984659900152605
 0.8483515754171048
 0.999943989105995
 0.9996976497913391
 0.9718699271303397
 0.9753598275298421
 0.9842284982187565
 0.3332289332793853
 0.9996333422899509
 0.9999673299845354
 0.9848309384859452
 0.9999582262539479
 0.9998092768269127
 0.9973610203443
 0.9666486302102429
 0.999892174913395
 0.9945566049557306
 0.9999565023933813
 0.9946922566989816
 0.9969598926022462
 0.3694106727130299
 0.892214897055558
 0.8084083743508373
 0.9990560533408153
 0.6043733575596497
 0.6564985392324963
 0.904974346674671
 0.8017883881143885
 0.7434038746113942
 0.9307704745800794
 0.6057422568423956
 0.970493576368314
 0.9759853351567603
 0.9724996786229599
 0.9973222889968543
 0.4948379082053092
 0.9864266620349035
 0.7085548727516398
 0.2985569223397777
 0.8804540365478856
 0.7418620699919128
 0.9207671862002929
 0.7875629524349742
 0.9137390159233784
 0.9991181251196389
 0.8845490822064002
 0.9390826858637833
 0.5517422127618866
 0.7943970583232598
 0.9853190508475297
 0.9983721416265672
 0.7885396889234308
 0.8755252796046661
 0.9036236348758276
 0.9997438532209448
 0.9996416543775778
 0.9383865667781739
 0.337980314127069
 0.9999664042651779
 0.9999638905957543
 0.3955289035728927
 0.2551199191441861
 0.6016586967810944
 0.9998009403987047
 0.9984981906597937
 0.01999562764022658
 0.9999952057023862
 0.9999559773251665
 0.493793918627438
 0.925877299444912
 0.584383566176966
 0.9659552520125195
 0.1882972477396047
 0.9997619258389318
 0.223625332082921
 0.9952707716189837
 0.9895968181302739
 0.9986850662372219
 0.4031252438911647
 0.9206421774167781
 0.9950689764149054
 0.7357194413867291
 0.9979479975391864
 0.1290544254485879
 0.9952452556034446
 0.9999909128848248
 0.999953351624049
 0.9816314580967229
 0.997592922797982
 0.9916361837441949
 0.9974241275042526
 0.9971152416851892
 0.9951942421864721
 0.9461227217080794
 0.991627217148083
 0.9991882400579544
 0.9941684679517995
 0.9991449206117887
 0.9959916099431301
 0.9859916398442462
 0.9769046466888307
 0.7882543587660229
 0.9276728117489155
 0.9998696641164285
 0.9996367686473165
 0.9737899227947073
 0.4443947628521598
 0.9997106488029254
 0.7059439995862619
 0.9553971112209331
 0.7308909865453826
 0.9979346200575893
 0.9027959821682251
 0.9997366439626694
 0.9800746648398618
 0.9830558385053108
 0.9998256590468603
 0.9960176619139054
 0.8778689222862799
 0.9964627958061739
 0.9963587354378272
 0.9983563197094583
 0.9920780935838395
 0.998762830809779
 0.9652004395870509
 0.9957804034967978
 0.9999966224056205
 0.9999032209705387
 0.9871857098164838
 0.9999538311241958
 0.9999808165904429
 0.81524023071009
 0.9990697965155295
 0.9999155428810861
 0.9949049870220474
 0.999991215144355
 0.9898520648161041
 0.972012694900551
 0.9992834086237696
 0.9916777867935466
 0.9992618624156597
 0.9999628401147808
 0.9942504154038825
 0.9999957733721671
 0.999977682413981
 0.9976307414791622
 0.9994349686432457
 0.9064644341320736
 0.999818330178135
 0.6856439538075001
 0.9998789792919839
 0.9632727710620951
 0.9999497670957325
 0.9991835751687879
 0.9993650629228806
 0.9955664596530771
 0.8878980831063144
 0.9957223595320306
 0.83808467334505
 0.9989410628087994
 0.9761186163662765
 0.9167456151417299
 0.9988017803631148
 0.960509356630145
 0.9723357997820373
 0.9914693783663043
 0.4539705237592317
 0.9913607372214229
 0.9939669871716759
 0.9571120991225331
 0.8489363032025636
 0.9883811482002256
 0.8902702067863175
 0.9647234544425153
 0.8117840662258691
 0.9785180839872195
 0.7641154585720508
 0.8146003864692805
 0.5960383223652618
 0.9223895049033315
 0.754307905484233
 0.6343218014528651
 0.9999463859797432
 0.9947490106200207
 0.4852675316932554
 0.9998759826167665
 0.9964136510925304
 0.9999581307164773
 0.8702346183159613
 0.6642328075452538
 0.9994698217822391
 0.999476300763091
 0.9997033450170811
 0.9954582565016677
 0.626200922018352
 0.9285595894684459
 0.99996574772994
 0.9928331529636611
 0.9994644177496982
 0.9922977419472326
 0.997385774371089
 0.9985875005601251
 0.9984844474239968
 0.9997676247494018
 0.9254740249820854
 0.996723315409234
 0.6649431116496058
 0.9168884976880382
 0.8479134333280095
 0.9945973143843883
 0.1331587882803877
 0.9357432878885126
 0.330287190602795
 0.9810365092300354
 0.9291686658362021
 0.9985321965851301
 0.9885413832398631
 0.9987451795593996
 0.9606974389145256
 0.9386887850775538
 0.4680717376505235
 0.8602846475346706
 0.9934075683054227
 0.9961459659143546
 0.9957988399198495
 0.4561966353143918
 0.9831219454326895
 0.992190557859177
 0.9999960026937564
 0.8922038898053963
 0.9992174299566047
 0.9999609852579274
 0.9949129591380822
 0.9989697293006469
 0.9549911502376753
 0.8354840494741249
 0.9672224813097912
 0.674918660483423
 0.9982164754546334
 0.9106798142731448
 0.9991331969354903
 0.9379522085229747
 0.9999879033998872
 0.878762554863455
 0.9929317597999364
 0.9323452553546554
 0.9999891645620357
 0.9998355760787399
 0.9999796290213187
 0.8072290352038333
 0.919007609492882
 0.9921758704620626
 0.9999748146185964
 0.9438745355424738
 0.6378291762657917
 0.9747505442983848
 0.9936541972302289
 0.8785999447367935
 0.6873212122644907
 0.1932074100994026
 0.9982549912443345
 0.9983077409786251
 0.9986594122847996
 0.9991094105559314
 0.9992238938588813
 0.9979436726396559
 0.8309995127339038
 0.998295141564178
 0.1227117299494944
 0.9989200970799814
 0.9443681681822835
 0.8065222125597036
 0.7998180394991938
 0.8033185764245001
 0.9986258868157425
 0.9956393451207513
 0.9050215557974002
 0.9961286290500045
 0.9994669681258994
 0.9353620749446354
 0.9946287932724662
 0.991835513652136
 0.9676469978976709
 0.9895835566036045
 0.9996815927703616
 0.9623373559651615
 0.8468281041824652
 0.9911009221720353
 0.9887033618070433
 0.4908210433016303
 0.9958511805129143
 0.9877369342164101
 0.9793279838333262
 0.9807309028231084
 0.9928568043010676
 0.9996333904058758
 0.3110693232349305
 0.6160688084734653
 0.7624756063520366
 0.9997604083843254
 0.4510435589145415
 0.9988277599374766
 0.9998791164580011
 0.4723931841698376
 0.9998035283014793
 0.9999957568320442
 0.9998858699122758
 0.9791167612740597
 0.7134709810340424
 0.9663741731215214
 0.9861451922812454
 0.9999987188252465
 0.947864032063884
 0.9723967377726879
 0.9999982839659236
 0.4725223932293977
 0.9925765496606723
 0.9999761752182967
 0.9978804741163891
 0.242739679298379
 0.6904348272528362
 0.9954344472635012
 0.8406710820036216
 0.7573128834596644
 0.999994360417139
 0.999827505233944
 0.9770368180850478
 0.998643629815518
 0.9999440591784172
 0.9947245312404432
 0.9999543442419627
 0.9909907588188966
 0.6036691951269287
 0.8987383885374789
 0.7454101717675085
 0.99985493985167
 0.8146040243727066
 0.9794306901537427
 0.999082595338127
 0.9926165712828631
 0.2354054450479755
 0.9921410580857397
 0.8060431023746182
 0.7703924613577864
 0.9985794404386078
 0.9995244568499434
 0.7226318630103901
 0.7173578253878233
 0.9880817819871458
 0.9999962467198384
 0.9982231148544146
 0.8904954804444811
 0.8087687043081605
 0.9973326797307878
 0.7799418390745817
 0.9537372396780205
 0.9984402977868573
 0.9131831341963428
 0.9913222885791103
 0.9980993687528356
 0.9965122044174161
 0.9327074381176108
 0.9849682356855528
 0.9595829219326739
 0.9363695997127707
 0.04861164973701551
 0.9870808919087127
 0.9764875535191856
 0.9999478208188383
 0.8990125405147998
 0.990309034608684
 0.9707068974215657
 0.4504847306411226
 0.2744500955461397
 0.9782180260544305
 0.9720294801041315
 0.9644129921401776
 0.9992024809838619
 0.9998419240906592
 0.8134040180279885
 0.8552395075203694
 0.9383747219529412
 0.9960863845184932
 0.8951341369354049
 0.1214438790006472
 0.8097121674432586
 0.9854814224149177
 0.9997718954745416
 0.6643018886684304
 0.9999242026801717
 0.8892835708520986
 0.8980215612849145
 0.9847844682047887
 0.9739172769126567
 0.9909572351744981
 0.9892302767241525
 0.758757444009851
 0.9997974401824706
 0.9997326880744306
 0.998744630976112
 0.8257718540128073
 0.9986348611360775
 0.9991290038662463
 0.9961541697302631
 0.9999626973473008
 0.9501516936629922
 0.05601276413233294
 0.9903320118672779
 0.9956719414291241
 0.9960331613300407
 0.9992012031573506
 0.9998021500768016
 0.8986701181568119
 0.9806780000055846
 0.8014199240739319
 0.9960338971069286
 0.7797112777417304
 0.9999864766325712
 0.9691392455874379
 0.9966551817047831
 0.893083708273032
 0.9768393872795361
 0.9980731839488839
 0.9997462741081742
 0.9998464939736255
 0.9981769347805701
 0.931383573836106
 0.9962793658085696
 0.9958175999176875
 0.9856428946584429
 0.9941199035376774
 0.9851415586641301
 0.9312336590744792
 0.9051431687878436
 0.9662335842890901
 0.9900589062606088
 0.5344891593260401
 0.999493767294096
 0.7636964358050842
 0.997677228342457
 0.5516182776976616
 0.9211278563171297
 0.9998689727418709
 0.9993524523024124
 0.9914627149910618
 0.9984919670385204
 0.9992847004991126
 0.9813302256728296
 0.6116657555443696
 0.994656188051587
 0.9193326308403165
 0.6774051553661371
 0.9959330081968972
 0.9626818740030695
 0.3497308244462843
 0.8413269596583092
 0.9834014865546299
 0.9975806577676124
 0.9988467185171189
 0.9968409402305706
 0.9572866930411215
 0.8897149764834174
 0.998427818808582
 0.4125689302624694
 0.9337513877911046
 0.9990671014687617
 0.9645061605283121
 0.7832476018505466
 0.7469860005609894
 0.8475927625822056
 0.9915427165454129
 0.9917367810578368
 0.5337012402526645
 0.3918770219054348
 0.9878264587640901
 0.994371852205949
 0.9292196674345262
 0.9621812171280527
 0.9428563755939829
 0.9896057333726548
 0.9834316716705656
 0.5815802884541924
 0.9903606131226713
 0.9979900342469854
 0.9405988241176813
 0.9984559932007248
 0.5542809924289994
 0.9982992895878993
 0.997579826870424
 0.5785733280927748
 0.731859283392323
 0.994136211929382
 0.9995743575706935
 0.9860279890431715
 0.9991216298052188
 0.7629142745219304
 0.9987457385752539
 0.9995028082956892
 0.9997644523015785
 0.9737854050557317
 0.9562416797805405
 0.4454902482643014
 0.9990931545961463
 0.7571706598063854
 0.9467189087285309
 0.9992079734437302
 0.992883501338254
 0.9990432571989045
 0.9580962442720113
 0.8147664619317105
 0.9291997739783564
 0.9978747449906483
 0.9972537062085771
 0.9996090609286064
 0.9993166544673022
 0.9966780571906141
 0.7849208885427835
 0.9953747319322757
 0.8427659460416658
 0.9994673885982761
 0.9981550777880319
 0.9992597920535086
 0.9983235270128695
 0.9996784521964366
 0.9840893236612981
 0.9987006431158425
 0.6520311011709787
 0.989398446968885
 0.9987226944556578
 0.9974399016135161
 0.6332838514668332
 0.9957312185228319
 0.9999497340299544
 0.9953494490329531
 0.9998830557604113
 0.9998815204233467
 0.9647535164074574
 0.9994596037897223
 0.999774682010976
 0.9728439767307406
 0.971756127536333
 0.9599453147656005
 0.9292794098248695
 0.9994402987890143
 0.6336803947901991
 0.9623743702956722
 0.6029387463319547
 0.9989369008957045
 0.973191777304328
 0.9340768065604161
 0.9499779782651983
 0.9779218405506565
 0.9921901292598662
 0.9998221243754859
 0.2882640213128594
 0.7862119718930199
 0.9947600394304412
 0.9991091102654616
 0.9981107388552224
 0.9934773784376518
 0.9917260063694547
 0.9999656338570111
 0.7011244822798973
 0.944000602919318
 0.9994831609056273
 0.9914810605336637
 0.9805361445874353
 0.9999968994862203
 0.9530705303790203
 0.2031664176083183
 0.9228111605915841
 0.9964382473226309
 0.99993472244607
 0.9991210534490603
 0.9995798356292532
 0.9628884021786037
 0.9971775001513615
 0.8229138599529823
 0.7211397141096501
 0.9996581660912485
 0.9984407328555861
 0.4956417527188934
 0.8500443682741436
 0.9990919603147634
 0.998600581724164
 0.9823070886523952
 0.8543870072055307
 0.9998886878376155
 0.5669641782613032
 0.9967511648634688
 0.9155903886715394
 0.9785623881608605
 0.9961059255798916
 0.998330277251791
 0.999795266127141
 0.9975333581311115
 0.9154410511745277
 0.9843043475025528
 0.9919693128659756
 0.9998029247451956
 0.5435371552721944
 0.9999858029476815
 0.5389932217745259
 0.979472981461462
 0.9533825503196739
 0.9998362016023773
 0.9946039279463467
 0.4066477279525854
 0.4467246862705524
 0.2326904852709449
 0.9997246830610101
 0.3438999742233798
 0.988816758214774
 0.714049342436293
 0.9996784355516994
 0.9961880209854458
 0.9957497394017669
 0.9751005531779599
 0.1721738605370721
 0.9951080417526567
 0.9831801451674144
 0.9645077783159699
 0.3788921564544313
 0.8491859415942282
 0.945121734363519
 0.9998376889814649
 0.9159793193800613
 0.439204864629041
 0.9822004535314885
 0.996945072482907
 0.9123375987571137
 0.754339826143462
 0.9834547180027244
 0.9950918232929081
 0.9183310610841074
 0.8634699817924352
 0.5540915287029513
 0.8696848941586849
 0.9989720093312209
 0.8653340895069898
 0.9875399791915018
 0.7570945567042736
 0.5869981244242328
 0.5907070462296714
 0.9933402313081722
 0.3267407448038006
 0.9963572036935893
 0.8759562994923434
 0.9979167306579348
 0.985138191733933
 0.7163511110332085
 0.05732131138141928
 0.9965303286474846
 0.4456345829666707
 0.7742783750958662
 0.8891662891697234
 0.9951456883633401
 0.849278696748336
 0.7957623680712554
 0.2491158468022955
 0.9531736688175242
 0.8291908036147136
 0.2832196908865207
 0.8452908563992431
 0.9997482571897288
 0.9822157126781398
 0.3073558273199624
 0.9917676611275558
 0.9991735947396815
 0.8695918809210916
 0.976948525152286
 0.7513120981446761
 0.235006434720243
 0.948265648639732
 0.7076454226437687
 0.8207229038895728
 0.2384212753044239
 0.5149369893848359
 0.9587468549001043
 0.8644821858068337
 0.1731657497550333
 0.9941760106495898
 0.466992506279619
 0.9920353648651409
 0.8247986246293657
 0.3827712611295205
 0.9846211436157375
 0.6817731348924397
 0.9467960476945657
 0.7785930464739367
 0.9997903212265944
 0.7250905724405096
 0.7595519972918922
 0.9973911094378896
 0.6451952087868307
 0.7423264631357614
 0.9910515739620575
 0.9466705324511598
 0.9531060595388204
 0.9039825826630282
 0.152435165594096
 0.3019612940920374
 0.9222153020497638
 0.1217034574048106
 0.9662848832856655
 0.9032319847254729
 0.913377607707245
 0.8464241115168738
 0.6725144060477799
 0.655409580267402
 0.8905450433662162
 0.9992805646047443
 0.6315969716436195
 0.4374134010009418
 0.5504082308808376
 0.8704771716302729
 0.9925131020985548
 0.7763885874428552
 0.380408889233076
 0.9998880965807901
 0.9268124435670788
 0.1918801246087584
 0.07719746931727094
 0.98904662099572
 0.6985154699070271
 0.9790287297819714
 0.9517417537727685
 0.9823267196966292
 0.9996026762833371
 0.646544492271205
 0.972840525601841
 0.6728619505811062
 0.9661413451328397
 0.9792329616955131
 0.3679986008407251
 0.848684343423823
 0.8433602454690818
 0.998384587238772
 0.9975462087856446
 0.8193246624644217
 0.8022464803508451
 0.6855824862240529
 0.8769785828009875
 0.9933310533564605
 0.9076227795179947
 0.9850980074038378
 0.9933738175287432
 0.4910396961379917
 0.9478010143917285
 0.9960923171028986
 0.9993738335500276
 0.9904600284864352
 0.9491806558292114
 0.9894280885339228
 0.9998883189989036
 0.9994319698996142
 0.8149178110387461
 0.9847154351720746
 0.7598634051325232
 0.9708098112689473
 0.9995798607497414
 0.8837763508722545
 0.9997720451185012
 0.9955142622544897
 0.9985776538950272
 0.9696412680185287
 0.9863027376543406
 0.9988142717289648
 0.5032265473697392
 0.7997224888488585
 0.9450180370536888
 0.7084068442291009
 0.8381668365974043
 0.6216918979640624
 0.7652294620390195
 0.9985562592961801
 0.9998473464744811
 0.6006682478345284
 0.9952725071672879
 0.9963749807524862
 0.8905502511834833
 0.9942827830827456
 0.2731809945855178
 0.1773043989835066
 0.9130031474697186
 0.9941447907172386
 0.9945143400639816
 0.5243143841260226
 0.8307360307365322
 0.9904202637924201
 0.9982134078177667
 0.9593757196266225
 0.999394805775815
 0.9478444946374814
 0.9994415126904425
 0.7508143545572132
 0.9997712698810112
 0.9074106669069528
 0.9996463312942546
 0.9136134476937943
 0.8891847414232141
 0.8468132205958412
 0.5104713360937585
 0.7276459246276433
 0.9962250919639506
 0.9840944034493971
 0.3194780152695094
 0.99999825612201
 0.9999339379502266
 0.9931906409610931
 0.9581863926091889
 0.9070990342116063
 0.2585621099937169
 0.9932857021063624
 0.9016490056535785
 0.9991323901349517
 0.893384310642083
 0.9618105766320931
 0.9968922677470317
 0.3045568716754014
 0.5986047189408948
 0.9903328149364551
 0.9976368040220474
 0.8465046533255582
 0.7501411341409923
 0.8221890284885972
 0.9599053531067895
 0.9950591274552492
 0.9903627606199416
 0.994648873649947
 0.9793985192845549
 0.9883817478635284
 0.9770637725275471
 0.9998353177113621
 0.996187407737125
 0.5141038594379757
 0.7481617529230054
 0.8939413932876398
 0.9768695997548168
 0.9955837650231839
 0.9838780907167262
 0.2762520408568216
 0.5300417851967711
 0.9996489712057988
 0.9970762618806751
 0.9999630700334377
 0.8168509502375473
 0.4960296201648929
 0.8684186710481516
 0.7217579007892304
 0.9978108839810048
 0.9974224956366475
 0.6887310678298096
 0.8387835638556279
 0.452095343932682
 0.9942906356922465
 0.9512415290856197
 0.9976987019382857
 0.999661861520546
 0.998320840721138
 0.9999029013159777
 0.8209733794344249
 0.9996551791292534
 0.9979780639480152
 0.9954059176634912
 0.9899818141910657
 0.9238561911991683
 0.5333560702644731
 0.9670572797115762
 0.6756748283868885
 0.960585030393375
 0.9965921144004261
 0.6117779760467749
 0.9601073729180932
 0.9637239611912811
 0.9578211176163339
 0.9922413308343815
 0.9995633224563076
 0.9972541703652452
 0.8474172425467117
 0.9025176279165281
 0.830485566040188
 0.9388149653438695
 0.9901097242336772
 0.9976403313786616
 0.9998647075114263
 0.878732910797366
 0.9242548857009686
 0.9820758169383501
 0.8162152372671935
 0.3536441978306968
 0.4964412724025004
 0.1948036302438239
 0.8723796047515499
 0.9940720767401906
 0.99009932366527
 0.9385827053995224
 0.9970987067965192
 0.2690168288998498
 0.9268829398585865
 0.98586009939601
 0.9803340941727419
 0.9787506746015782
 0.9808303490293167
 0.9852847905308122
 0.9722551803356885
 0.7417032751164403
 0.2248958338104633
 0.970292648515105
 0.9895822264694938
 0.9974885877619789
 0.9996256414889411
 0.9613774464556127
 0.9699433521222333
 0.9185709098731307
 0.9841791184352
 0.9803473266342473
 0.8164902615520105
 0.3545079081175916
 0.9995339681122311
 0.4972985955899991
 0.9995064986314423
 0.999795261213143
 0.9083769012028485
 0.9901812020305835
 0.9853278900416119
 0.6462886301155273
 0.8796598388092972
 0.9998867026696174
 0.9699842563538892
 0.8783951160607909
 0.979336473622008
 0.9359892193189066
 0.9951685105149455
 0.9974079718860358
 0.6499415416135201
 0.9455100826043081
 0.9719004471200814
 0.9565884526406691
 0.9974566992460455
 0.9433313192931921
 0.9971053783111594
 0.07859730125194114
 0.8931184333854922
 0.5898205822311865
 0.8890838510501118
 0.9930796261838748
 0.9818547361291567
 0.5310562192342531
 0.9320109890157908
 0.9832121453424459
 0.8037690210809016
 0.2430695914970898
 0.8676804244038382
 0.9707139454058652
 0.7324885305443859
 0.9984140524240049
 0.998875578245247
 0.999940832399539
 0.9706345333859554
 0.9091423728099309
 0.9432298746859448
 0.9841681546080348
 0.9881921052345189
 0.9807524580547858
 0.9864616651574087
 0.8065597694772976
 0.8192029780346218
 0.9894096685670868
 0.9974435747901971
 0.9981125933794093
 0.3502715392742946
 0.4516703555938899
 0.9966965640523781
 0.9997547156175853
 0.9995338646584908
 0.9262199031454245
 0.9996972092636689
 0.9339128702152931
 0.738938566848104
 0.9344804347874834
 0.9657288371427147
 0.9990669000211964
 0.8671551493063712
 0.9908449440853496
 0.9805531665544358
 0.9973224853798248
 0.8789588516662008
 0.9481878312798386
 0.9484081607679833
 0.7240846514347931
 0.6278351205191532
 0.1852385516758898
 0.9980580853488012
 0.7129714903140794
 0.9999979722363694
 0.9933358662263764
 0.9895734090110001
 0.7388912986792775
 0.9983383790035371
 0.8764391143703512
 0.9391999646721935
 0.8874357556054041
 0.8131972101457736
 0.5347560217659384
 0.9066966169371606
 0.2088175417666704
 0.9995257065921149
 0.5893618013105035
 0.3064562395691857
 0.7353256998730581
 0.9941040316503028
 0.9990874819175103
 0.6249463503448618
 0.9990950427295006
 0.8837636233787612
 0.9826426631608302
 0.9993932748985197
 0.9442732263773769
 0.9926347183811399
 0.2656787822614817
 0.7033282035498938
 0.4272634442182913
 0.9085552721033974
 0.8341801687262976
 0.7278817418486987
 0.9835656017327065
 0.1533835710568595
 0.9668925355017559
 0.9707204202486613
 0.5005047302653802
 0.6035675451487589
 0.9919892858166641
 0.9924268158329046
 0.8702703750669519
 0.781490823314603
 0.9820168318514455
 0.728273640944858
 0.3487597524337996
 0.9054018683028426
 0.9534242738928889
 0.6657592665755711
 0.921844309901662
 0.9020930985667629
 0.9886128931385295
 0.4025166404120801
 0.9929184552032192
 0.9131083777761581
 0.8336839827641659
 0.3012909793742701
 0.9055468982533088
 0.9903623189459528
 0.7743400824782962
 0.9289988098690667
 0.6278675723030746
 0.8951258532127074
 0.7833049004049085
 0.8887902062157519
 0.9598102178665608
 0.9646195406573247
 0.09251355753480237
 0.9992133774765545
 0.9956631223726438
 0.6549541969320222
 0.9941816421125673
 0.9493691118098668
 0.9863027610417407
 0.6543874027167714
 0.9859576390864176
 0.998940771730534
 0.8846398054753305
 0.9995446537819994
 0.836487766979592
 0.6067204514193304
 0.8732128018874684
 0.824844553034767
 0.7640076946736774
 0.9979132602096242
 0.9956257755493063
 0.7168108428906829
 0.9999292112057057
 0.999899343599522
 0.8751650195751264
 0.9909220297802485
 0.991673722192574
 0.9982541723266956
 0.06757988108254981
 0.9978854039805093
 0.6127073575817144
 0.9875747386718751
 0.9589178650772812
 0.945485380534996
 0.7772630806205642
 0.7332323844353944
 0.9742976489603933
 0.7677366463242254
 0.7904217161840265
 0.5034329431596773
 0.9963265560406417
 0.7397137546156105
 0.8388193844523488
 0.3688986282846046
 0.9973446067017012
 0.4777107595590615
 0.9471152340509987
 0.9948099668055578
 0.9335080922956112
 0.9815325650030755
 0.9996882340816455
 0.9999175723442605
 0.9973337006204456
 0.9999883616948794
 0.9940389246247665
 0.9970921507269312
 0.9989692812248152
 0.9999756969906739
 0.9890988860176886
 0.9994938945552198
 0.99982482441638
 0.9999910902823564
 0.9689097636777975
 0.9728992943537227
 0.9947084312401424
 0.999448801457078
 0.9765335784515295
 0.9997468910940449
 0.9097726406662601
 0.9986761505250039
 0.8891911534763963
 0.9936877598966268
 0.9990147306294306
 0.9986963261608988
 0.9932651856951092
 0.9955947660236442
 0.9947322317834634
 0.9997764883427179
 0.8281102117199236
 0.9997588641446336
 0.9646430484707964
 0.9984290590552393
 0.889030439951531
 0.9969635733893183
 0.9995017411049496
 0.9994740821149851
 0.2713157107572139
 0.5452797081547344
 0.9966392723903749
 0.9378807283813549
 0.9736557200419371
 0.9009715387848788
 0.7364972806161172
 0.9839292414904909
 0.4949597936559109
 0.9751568621690491
 0.9929381065094546
 0.9928472610645989
 0.5368530958041978
 0.979293474847049
 0.9032026239939203
 0.9998389513428367
 0.9932304397240957
 0.8009477293114755
 0.5579372555954374
 0.9999546135682988
 0.9984539968484507
 0.9839968385247383
 0.9998688880081418
 0.9997903719686776
 0.9990549701983287
 0.9180928432071714
 0.9783650169666954
 0.9898468695374275
 0.5334105667441557
 0.9999576757769466
 0.9998014855050349
 0.972007623162676
 0.6653763734579625
 0.9922815029741056
 0.9999720109017305
 0.9999371216072002
 0.3841238595044851
 0.7824752277645445
 0.997794977747879
 0.1995363087263038
 0.9996810822611707
 0.8224969297616135
 0.9662754704567216
 0.9386296878651007
 0.9999591309777462
 0.9952608386276593
 0.9701071606299667
 0.9995164969721237
 0.8164609529791436
 0.9985717070067929
 0.9895639227436486
 0.9913800828564316
 0.9988475879310764
 0.9987332381324546
 0.9896658670878521
 0.9975133989051703
 0.9997153603343009
 0.8914331328557993
 0.9988899491846835
 0.8843803949231558
 0.8464105582249547
 0.837342613310166
 0.9986903979821824
 0.9974948155902555
 0.7740860273943969
 0.9676730301645209
 0.9999383022132009
 0.8934471464145437
 0.9998411306933069
 0.9859521409141099
 0.9959499176545575
 0.9893221295641863
 0.9863706077661952
 0.999232890005412
 0.9996564491129162
 0.9979833371297691
 0.9999002366979219
 0.998103247335454
 0.9703321806013976
 0.9523305896172122
 0.9999994116398161
 0.9999872557085242
 0.9995406491109914
 0.9919197008878107
 0.999943363955795
 0.9994439535380425
 0.9964836369061653
 0.9913984767089984
 0.9958400090925119
 0.5731650679598858
 0.9997979071468556
 0.9865361043533726
 0.9992764404963741
 0.9975883878678521
 0.9996541256615133
 0.9999782452979672
 0.9998326646914169
 0.9944204765543831
 0.9998178623190301
 0.9739650125326215
 0.9999719987851027
 0.894931575733573
 0.9983688433282418
 0.6420756577876772
 0.9883238922966294
 0.3837787639516105
 0.9632636906477933
 0.9947365102263533
 0.9970588619359058
 0.9882603345860267
 0.9999840581496559
 0.8367145911297492
 0.9681872849990107
 0.9996922055760847
 0.8743178526565157
 0.9972162918379323
 0.9587052643277335
 0.9971758787310391
 0.9948084064616717
 0.9633232502014479
 0.9959990813968652
 0.9990249719195265
 0.9979228864328392
 0.8906769169171967
 0.9969001453034808
 0.9887841274257541
 0.9826509913923944
 0.9996555784506619
 0.9797363443923165
 0.9899410611628521
 0.9987682461734635
 0.3273812990218501
 0.7052258667987024
 0.8714452939397596
 0.9999438690430585
 0.9487900208660114
 0.987161230061418
 0.9993571302924686
 0.9999669144563601
 0.9865808177377967
 0.9862190484540236
 0.9962006254887764
 0.8720681609571055
 0.9997136524803222
 0.9259524893475983
 0.9994449273705218
 0.9155539693640876
 0.9891173828485083
 0.6374294952037813
 0.9999755457077147
 0.9998830561943108
 0.9892956297786185
 0.9947700479073558
 0.9976400974701419
 0.994756731998421
 0.9408716938505216
 0.999862128825509
 0.8441661443484068
 0.9998831461282784
 0.96694704533676
 0.9870229567245722
 0.9952510653344294
 0.6263106367815782
 0.9971616850193223
 0.9998455763343771
 0.9966969614938462
 0.9998065351496737
 0.9983229277325214
 0.9999107276295039
 0.9997814671903621
 0.9855728791440872
 0.9269665040408649
 0.9992957174724353
 0.9993280847653211
 0.9588179048882867
 0.9357859451866448
 0.9997858251516329
 0.9993823879868351
 0.9985774492865365
 0.998102332397401
 0.9996769398088265
 0.999819272637994
 0.9957756444399222
 0.9979862356760796
 0.7927372923497163
 0.9998292232792916
 0.9949444633300798
 0.6319322122532584
 0.9996594280904774
 0.9960622533393735
 0.9980032843130267
 0.9859417743089431
 0.9532669863033095
 0.9987303343860814
 0.2228752216049771
 0.6406724324030214
 0.9985600186808768
 0.9991777361514893
 0.996406686392413
 0.9987344549538879
 0.9996765830550944
 0.9999338099040045
 0.9961239608981297
 0.7813953039331911
 0.9997964356545453
 0.9994879911175213
 0.905037041362611
 0.9790298007409962
 0.9983763939060268
 0.9962715006697598
 0.6954151973478157
 0.9466697434316333
 0.9996719981963683
 0.9999764539550374
 0.999087573893282
 0.9999863533353693
 0.9945367326301997
 0.9999694819873836
 0.5056177319942241
 0.9959625502885932
 0.9996364638874903
 0.4022128643491707
 0.9677961772767087
 0.9811050962802915
 0.9997977237408809
 0.998844563784278
 0.9999671611516077
 0.9999642633890842
 0.9997638896597142
 0.99307982577966
 0.9526729281109864
 0.9500560151476819
 0.9999644956099472
 0.9986735779864198
 0.9983256274596332
 0.9938932512428592
 0.9999285490072386
 0.9988127057201841
 0.987133222198237
 0.998703790306031
 0.9989240206211818
 0.9999897688060767
 0.9999746760128576
 0.9956334290919915
 0.9977401486213326
 0.9999012069528338
 0.9994353569929331
 0.99999405273417
 0.9985416310252809
 0.8390065676595382
 0.997937444880858
 0.9673525832501163
 0.4156404366067297
 0.9997948604384098
 0.9644172000340258
 0.9999793405972885
 0.998095223893104
 0.9997864840084871
 0.9971781230200684
 0.9959388046438302
 0.9085062513079843
 0.9990145496360988
 0.9569925460209332
 0.998482194479177
 0.9968999080188645
 0.9928132653762696
 0.964049399726878
 0.8548699030117644
 0.9489502280812346
 0.9998042160492758
 0.9603070558382929
 0.9527019948346162
 0.991762829904877
 0.9660745836194561
 0.9322196639754362
 0.9563024840965273
 0.9970301211030462
 0.9963840142682755
 0.9931334089659604
 0.8825491585616059
 0.9268747599292373
 0.9208055348404497
 0.9998880885456592
 0.9451410957139826
 0.8541947691960029
 0.9956405936748792
 0.3317304836605939
 0.989831150542221
 0.9446732463432023
 0.9989064607804633
 0.9900768515216471
 0.9916030486511418
 0.9583272424086627
 0.999470154577134
 0.9980000431661072
 0.9859333602416815
 0.839254068546474
 0.9906115811342988
 0.9915793698946597
 0.3802905862496915
 0.9999050940127768
 0.9996114380210961
 0.9897011035952346
 0.9999896331279785
 0.9995682282314003
 0.7754380379225553
 0.9868539403787551
 0.9973107918060502
 0.8795406458025754
 0.2620673520081847
 0.8727856091309883
 0.9702894380134495
 0.649643616652812
 0.9992382291852344
 0.9970555972956772
 0.9898712125174453
 0.9494992842357004
 0.9998928617708253
 0.8259554829067568
 0.9176534949817384
 0.9998851351090851
 0.9989144648549084
 0.8212445225610125
 0.9878532400901781
 0.9958862945035852
 0.9994664028063183
 0.9819309144500881
 0.9890274297524438
 0.9861517472817286
 0.9811875316564804
 0.9985374569337935
 0.95881306347038
 0.9043439107502312
 0.9769596726285569
 0.7001993827164077
 0.9909133713377926
 0.9999111171756231
 0.9971628706753184
 0.9704805601683836
 0.9635093821484313
 0.2747404678479437
 0.9923647650786037
 0.9929927963552077
 0.9995615650860086
 0.9934050632742289
 0.9875037251358726
 0.9973718750832421
 0.998516273312395
 0.9993857008091185
 0.99986824312551
 0.987229140822717
 0.9998041795785677
 0.9939883319646716
 0.9926290515201126
 0.9999945019113265
 0.9998527626597168
 0.9776615176394121
 0.9936807579126608
 0.5481416014470494
 0.9967702650106585
 0.999564920697763
 0.9639403138781255
 0.9953121539233519
 0.9983659216909521
 0.7845205575267937
 0.9999479759753308
 0.9643998930238222
 0.9999828382552968
 0.9896774083971427
 0.7685050917582441
 0.9999837835104335
 0.9998082284073845
 0.9892538144096519
 0.8757515221046097
 0.9999890984380868
 0.8373590054738537
 0.9531872731980908
 0.999693804031366
 0.7699189478735023
 0.9997010578785259
 0.9998041447012083
 0.9894913114122251
 0.9924459180862109
 0.9510896239364781
 0.9941914530245931
 0.9978810926213048
 0.995057178146846
 0.9982943350858515
 0.9996765088535562
 0.9756283186371578
 0.9994547680348737
 0.6120055557315488
 0.9939264919602827
 0.6495354871897272
 0.08858875411242714
 0.9547566893429896
 0.9960442967339963
 0.9999763719797858
 0.9988743157741125
 0.3124047696403287
 0.9631313166180627
 0.950875828808204
 0.8932118758337314
 0.9934182225014538
 0.9986188474521513
 0.9952067452860024
 0.9999509296495027
 0.9999821465749993
 0.99985889636958
 0.9786271431997063
 0.9999848832058001
 0.9996986991140532
 0.9998646995857217
 0.9805932107125923
 0.6622816310095412
 0.8304115657519903
 0.9916552541213068
 0.9959190336791427
 0.990185796650116
 0.9996761889205658
 0.9579023186884001
 0.979075167315309
 0.9999920044377952
 0.9999786245796668
 0.1580837890226195
 0.9997898636930188
 0.9999770638545741
 0.9999792280345254
 0.9999530820956744
 0.9881576314898086
 0.999990684179045
 0.5396563147469413
 0.9999596301259102
 0.9092272529505945
 0.997145039176816
 0.9877096941340844
 0.9999952652337114
 0.999638332933095
 0.522826959999013
 0.9996682528269888
 0.6811636125682607
 0.9984811368437585
 0.9933260525013885
 0.6942623669932987
 0.7353705032756059
 0.995926520235102
 0.9791359336100314
 0.98133743850598
 0.9999207846835353
 0.9988283045064001
 0.999792838781964
 0.9990276252210294
 0.999963857281847
 0.9921517964543896
 0.8751505733603869
 0.9769629658816915
 0.9999349408985251
 0.9978736310011487
 0.8614754434940599
 0.618853727953444
 0.9785718797802152
 0.9174229184644511
 0.9975998649606734
 0.8650926033833223
 0.9781192621893869
 0.9187792126936202
 0.9929410461069275
 0.9809988654175638
 0.9378463874790122
 0.9947284421449712
 0.9959240571797185
 0.8167682317675086
 0.9678446315863914
 0.1880166267909795
 0.7123379984700026
 0.5496678415603018
 0.9991924127319748
 0.9840941263723534
 0.9392420185505936
 0.4390239837591678
 0.9999420167087726
 0.9727752058192151
 0.9588558695747228
 0.9579319988247184
 0.747886164933525
 0.9964329097986689
 0.994722029499792
 0.9810717681829979
 0.9616436404226278
 0.9792954275725338
 0.8795101974600563
 0.9741921714410836
 0.9273537425837433
 0.9936477674200791
 0.922356090033747
 0.4075194996510909
 0.9789729139723923
 0.9447506193738709
 0.9671646477463028
 0.994007745340872
 0.9901229964379705
 0.980103493238174
 0.9992109297363925
 0.6404350848453083
 0.9076716184394121
 0.9999711923727488
 0.9307758571697983
 0.9950571464239805
 0.9999568632445039
 0.3468740707019324
 0.9930705814082965
 0.9969069574903293
 0.9606613984648691
 0.9822575353467042
 0.9997194712271663
 0.8168431153833979
 0.9997599425787742
 0.9862423172313406
 0.7561009467447365
 0.9820445727705724
 0.4231106878503993
 0.6642676590819645
 0.9964310768759559
 0.989405093856786
 0.9972795141611021
 0.9336272453699412
 0.9130830006409125
 0.9999945436872528
 0.3388870484061324
 0.9963119044907156
 0.997640584523203
 0.9979462363105213
 0.9994420195112768
 0.9590284778316233
 0.9962853147222597
 0.9999733736918378
 0.8878325371745849
 0.9613483603929457
 0.9574101336515493
 0.9904339656326595
 0.997605342091752
 0.9189704242028651
 0.9818714084283542
 0.9950204243668843
 0.9936993995392678
 0.9656504809137121
 0.8527325710353602
 0.9920171782745789
 0.9932606810264852
 0.9804304903806096
 0.7006775279439985
 0.9977207845358482
 0.9993569095320728
 0.4643789149149797
 0.8107363128596454
 0.9617808234958746
 0.9996619097428662
 0.9998088600908521
 0.999771602370868
 0.4907869596495864
 0.9689073749518654
 0.9841897593213608
 0.9999259509292718
 0.9364634171275559
 0.9999617469164608
 0.9099142330600033
 0.9989232117729976
 0.9233640725469285
 0.9894614124185502
 0.7974725645447815
 0.9970591454337284
 0.9719340135268774
 0.997517006632059
 0.9997014546444425
 0.8860502780291509
 0.984480144663333
 0.9903417971745589
 0.2980724699109836
 0.9924053158435355
 0.9851581352078318
 0.9984851205739403
 0.9393794556385575
 0.9998463731830962
 0.8352877293567076
 0.995901184047577
 0.8053371844138175
 0.9954063339684963
 0.1729464089311182
 0.6948151434323733
 0.990074832623111
 0.8790748013461334
 0.4339271818087974
 0.9107839308480971
 0.764165319538885
 0.4048950203358363
 0.9880571388032725
 0.9890126556857131
 0.9033392459858233
 0.9977400368094301
 0.9998460117947359
 0.9965455804015038
 0.9993513626846255
 0.7683597457725118
 0.9998280689413213
 0.9998318412463697
 0.9806810613529218
 0.9998668937767429
 0.9986125815406675
 0.9882659666266819
 0.9937401685535848
 0.9973500891592454
 0.9999302900142583
 0.9337527937988606
 0.9991161736702594
 0.9945643408893834
 0.9998866160911487
 0.9940892268604538
 0.994818893853343
 0.4876480445694652
 0.9972145057164542
 0.9914380300528643
 0.9999589476428821
 0.746849711603898
 0.9993779054453003
 0.9599011455017659
 0.9977436133272518
 0.6721361046032291
 0.9958192418522257
 0.999402458396466
 0.986489580507929
 0.9998748071880844
 0.9934618184102479
 0.9998990396803201
 0.9706720849281206
 0.9979901833167278
 0.9715525316913056
 0.996073882307054
 0.9540266848978587
 0.9857485425530595
 0.9957170677999706
 0.978645693659312
 0.2269465869073424
 0.9986443074407435
 0.9594105134026267
 0.6880005520561105
 0.805119396235658
 0.9947950928702884
 0.9816516576641506
 0.9397457016270228
 0.9817942744480896
 0.5061578628997966
 0.9755122327312771
 0.9906746372414783
 0.9932971076278035
 0.9914064457643706
 0.987785919129009
 0.997735612091464
 0.9684935320814054
 0.9593942801369735
 0.1842379114812982
 0.9456009803428358
 0.9393465709939753
 0.7169656722266344
 0.9865757467795088
 0.9268163396028898
 0.99470804643457
 0.596994455864256
 0.9984648554817455
 0.9961771964236643
 0.9933810478680285
 0.9727317509945361
 0.9998568092622505
 0.9907745671554792
 0.9922051443101476
 0.9999640373183079
 0.917520911484785
 0.8585235978942327
 0.9988861451463975
 0.9976329071218517
 0.9212675687922069
 0.6948071839699338
 0.9999246039651069
 0.9999957787403304
 0.7133257727240971
 0.6598686811870421
 0.9931268009025879
 0.9999683079161094
 0.9893712125816218
 0.6691600754665875
 0.9974942006403623
 0.5509204218090284
 0.9999631868525352
 0.9995968701303908
 0.9967784564308493
 0.9903228992078844
 0.9964931164794507
 0.7632164047380345
 0.9999999428658776
 0.9943001245722021
 0.9998096986713583
 0.9042536859532019
 0.8863880054448948
 0.9984213645462762
 0.9816566050318661
 0.9789410940684904
 0.9997541880047914
 0.9994629771437847
 0.9660542432692892
 0.9732243620526791
 0.8838084059488887
 0.9997018887074656
 0.9324873855602493
 0.9941918363710711
 0.9998565711997661
 0.9483071378135863
 0.8461557743870227
 0.995914689299469
 0.9405954415748488
 0.9671760872410464
 0.9992552854478386
 0.998618270138324
 0.9995718146759662
 0.835479312276158
 0.9928646439890482
 0.6838231573340651
 0.7595662494848774
 0.8495295279579115
 0.7445482648926405
 0.9864516253872794
 0.897041933851432
 0.6949583910118875
 0.8262605612108053
 0.9793307927922548
 0.6479435475068007
 0.9752061346672617
 0.9403344343447055
 0.9999821256111439
 0.9404337536951015
 0.9997365551681665
 0.9461470271100122
 0.9257171235186027
 0.994978623622556
 0.999456984007298
 0.9928405947432501
 0.9967579749716621
 0.7118236696940236
 0.9827488354431764
 0.9999985537058665
 0.9996577375546413
 0.9715040100503637
 0.9523517513423807
 0.9785973391834817
 0.9471745552342072
 0.989302419557373
 0.9999002747124974
 0.9928597966637212
 0.9309142840595711
 0.8664754127946045
 0.9998470172057735
 0.9995332666599812
 0.9999520750795549
 0.9942376807642133
 0.999863603729982
 0.9937342904029303
 0.9233853089630651
 0.9583027598988259
 0.9999697990462214
 0.9990828597243859
 0.999997263646306
 0.853207214010779
 0.9998636364083565
 0.9536745727727239
 0.9999482143935167
 0.9999985046479684
 0.9999952300424949
 0.9675840384975216
 0.9940953649578266
 0.9511901450069744
 0.9977450211402262
 0.9836360784083993
 0.997707346342415
 0.5183053555023016
 0.9973733006780879
 0.9873231751423958
 0.9936127724258911
 0.9998768253133522
 0.8275513771826091
 0.9998886204950953
 0.605207998057112
 0.995497343257174
 0.5324929610834547
 0.9558587614104131
 0.9110679053393812
 0.9930235344593372
 0.989533988364011
 0.9846045804366212
 0.5221036982547181
 0.9972229433105892
 0.956080426393404
 0.9467676355223834
 0.9952608687167428
 0.9548383014134429
 0.9999072784018039
 0.653048549558941
 0.9917055450913862
 0.9997542235014291
 0.990480127166158
 0.9858207366770233
 0.9977842801370681
 0.9917086078052798
 0.9999229883811166
 0.1711002604031252
 0.9986368767645821
 0.8822588503897676
 0.9412965344236537
 0.9933472095342433
 0.9605139980439302
 0.9953765585595817
 0.9823492691934483
 0.9914810162060043
 0.9957753598342658
 0.9989404870448296
 0.9989593576300082
 0.991290225397348
 0.9990468617649114
 0.6553320428272947
 0.9545797664767565
 0.7886310316091734
 0.9993970209860558
 0.7108718615152884
 0.9957449201969102
 0.9972598222323248
 0.9626668433321963
 0.9568766094368645
 0.998767694952904
 0.08785946758588438
 0.9877271395304105
 0.983234243690244
 0.9772591768563582
 0.9910872063280569
 0.9907523464442601
 0.5187329244312959
 0.9999814907681999
 0.5393754763725883
 0.9947875412066395
 0.7925047169236268
 0.9971879080450116
 0.9886896597397006
 0.9989304345363973
 0.9893906773151139
 0.7799158493634385
 0.9839601027133476
 0.9876451229973148
 0.1922903122655762
 0.7960539532021574
 0.99092112332126
 0.8471403546533692
 0.9862983167955472
 0.9999592647179822
 0.9996279909182532
 0.9893783198545664
 0.9949710019399782
 0.9974065084696268
 0.7943786084781658
 0.9999846111640869
 0.847760492493887
 0.7548096540260494
 0.5855003523514708
 0.963949874467469
 0.999943205122983
 0.9992533888008086
 0.8558855614311387
 0.9924189050655642
 0.9980694140443984
 0.9761238580114944
 0.8114744269221198
 0.9226566615524677
 0.9730728216028462
 0.9999974804943134
 0.8595381473572222
 0.9955329091515338
 0.9953342764497733
 0.6652972277632572
 0.9965929869450787
 0.9791607618159458
 0.8377432230723967
 0.9866259718417099
 0.83260529255476
 0.9005279646174241
 0.9999659348521058
 0.8301808399168243
 0.9944239220265758
 0.9976287963717794
 0.6718418981556957
 0.9950927089203697
 0.9040868128914896
 0.9354900633097006
 0.5847462984012671
 0.9792132909213549
 0.9987002464881775
 0.9970321557149632
 0.9657011067901526
 0.9518026330089608
 0.9996073865038382
 0.9844830687621673
 0.6682989567830003
 0.998784366245636
 0.9026824176270642
 0.9269608258057107
 0.9525477141276777
 0.9988984877042849
 0.763737001538955
 0.8240649644048637
 0.4634482236414728
 0.997851946478794
 0.9778306905837221
 0.9999814294738008
 0.992443104322299
 0.996420944894308
 0.7944385759440521
 0.8853886529469875
 0.9431684544180002
 0.9976255600482429
 0.9991820409067788
 0.9935288086385488
 0.4058923449210126
 0.976121188518029
 0.9972477070820878
 0.9812629352264252
 0.4238311234477192
 0.6478569079261702
 0.9796314831191879
 0.9599317011386592
 0.9998070157444748
 0.9927771293908362
 0.9589576463511148
 0.9458640254498473
 0.9976249801276701
 0.9200697682764853
 0.8350989484025656
 0.979787662679328
 0.6064568265813239
 0.9973280264601483
 0.8731054852580477
 0.9977978466077485
 0.9677505054635027
 0.9980173277085022
 0.9662471119610216
 0.9997161966606678
 0.9994819611747078
 0.9959904154491451
 0.9999669656116206
 0.9752656893379259
 0.9998931646451782
 0.9965235660612486
 0.9650688158484445
 0.9995737341054168
 0.9976667136164445
 0.879993240448506
 0.9056211445424582
 0.9890515562837886
 0.6294152725825928
 0.4838128835108811
 0.9863828681826992
 0.9554708040022684
 0.9939904408488076
 0.8897822116915328
 0.6766359635423832
 0.9002776884873771
 0.992463585153305
 0.09115029446384311
 0.9598164470722811
 0.9685474886875223
 0.09096444075534632
 0.7442623122845946
 0.2819285777443766
 0.9980207684724455
 0.9980013602034675
 0.9928486947598425
 0.2033911588540454
 0.9976361838404522
 0.9996327383820378
 0.9626727324478374
 0.6572155957121634
 0.9239604710862418
 0.9329929759598879
 0.9344424378816902
 0.9981793718188561
 0.530472114709861
 0.9493078576748909
 0.3984161900863449
 0.9224231221476638
 0.9964834392109478
 0.9632012307176807
 0.3150740744010256
 0.6774496896709732
 0.99977306216177
 0.260404292967247
 0.8670742091596859
 0.3305145950386985
 0.7721971420259739
 0.9433269200107472
 0.9884272850140128
 0.302745257275307
 0.999618035971619
 0.9782296450637546
 0.2514957625704853
 0.4545622532839969
 0.9842332849450889
 0.3113479581879096
 0.2674623809058214
 0.9263088271652695
 0.4880505147551842
 0.975047741906637
 0.714890900129429
 0.2867456212552146
 0.9813761181777664
 0.4272810104281566
 0.9931310767841638
 0.203845165752298
 0.8394144904451392
 0.9997754039496476
 0.9996490503334048
 0.9997981374252422
 0.9998533513462715
 0.9562723705501319
 0.999887512537181
 0.5304305009401982
 0.9990749532187996
 0.3216991866392573
 0.7867594790540559
 0.4786631122264208
 0.9959311659782919
 0.9999895277920188
 0.2330849214557802
 0.9789202662816776
 0.8560968631636902
 0.9965082102693388
 0.9688857404539276
 0.9997971209724325
 0.9997683305902434
 0.9863590757901719
 0.9003088407934688
 0.9991467813584736
 0.9996444391949404
 0.1426429243596009
 0.9580620093906663
 0.9882368428726612
 0.7824185717205872
 0.9081458416396435
 0.3496607377875185
 0.8680277453506404
 0.9110185975884914
 0.6554360428320578
 0.9997309015905087
 0.3775667113883449
 0.8805016780023398
 0.9999662438751868
 0.09339798889733648
 0.9945208206227025
 0.1392861444291388
 0.9978243625653243
 0.9820220891590725
 0.9853633239656856
 0.4957018799599754
 0.9971845190305874
 0.4844788756228228
 0.9926026394018574
 0.5074162459122881
 0.9996519420640527
 0.5655556617488291
 0.9998455699589862
 0.9988157220507857
 0.93384179574163
 0.8946611506168451
 0.9981667023816945
 0.957253317385394
 0.9894899185284821
 0.9956201818397883
 0.4029146634193938
 0.962427093727663
 0.9989695711678629
 0.9990251075351512
 0.3172946646026149
 0.1544168586968004
 0.343745547426903
 0.9444274637136207
 0.7797554605078175
 0.2265734891594199
 0.6873974751326817
 0.9930737456663485
 0.9999295815055995
 0.9993076186962176
 0.2731474158564598
 0.8874023168147805
 0.9806711591049802
 0.9854185944322531
 0.8302850497022126
 0.2843852972832095
 0.9589751394597962
 0.9038115464143437
 0.9744642006778245
 0.99341649553268
 0.7911263411429489
 0.9872087693625634
 0.987116524681617
 0.9281310813578237
 0.2920233105949836
 0.7515142557106703
 0.9103090973852079
 0.5510476272263424
 0.8444503316002491
 0.8627618321207389
 0.9998741619237695
 0.9978187403494956
 0.8738036956398754
 0.9798952938739224
 0.9988685708062849
 0.1397848135674677
 0.99985369183863
 0.9979632957678223
 0.9919916533459315
 0.9896200709083609
 0.9390662996519807
 0.8623571095936475
 0.9955630774349435
 0.1213376113498122
 0.4692473553381428
 0.9708264232581026
 0.781940730944476
 0.9939017350219449
 0.9716501046714054
 0.9449560248105219
 0.3732009346848281
 0.7004949752078194
 0.2584302167453441
 0.9791877751692405
 0.997171476009687
 0.9998770470132937
 0.9999451072907777
 0.6673945606035852
 0.3707097817877305
 0.9999781861855608
 0.9787749682466673
 0.9998249868176144
 0.8998503235920844
 0.9316994682235046
 0.8847407245987694
 0.7864430966998882
 0.9953761884576756
 0.8704857345869446
 0.9999347596471881
 0.431826125980625
 0.5754613106876244
 0.9915584050610088
 0.1458346355920618
 0.9783204954648997
 0.9854702784027132
 0.9835771704376503
 0.9797539709168852
 0.2475008035341994
 0.9065045463876529
 0.8877369024329064
 0.9732674356795664
 0.9005720484747622
 0.9983777838956305
 0.9338761670154602
 0.6572505796375526
 0.6125728952556009
 0.9722586513104992
 0.765592212798445
 0.9999334485584604
 0.9312152464529405
 0.3943602364352183
 0.4366057970291485
 0.6246008789157138
 0.8312681357333473
 0.9982429634639584
 0.9399094319261417
 0.9292108542464261
 0.9762165059424532
 0.9583709853070527
 0.6393839786110859
 0.9840060935657292
 0.9955594793196297
 0.9969898828063384
 0.3097742040249953
 0.3509521046925493
 0.9845542545374584
 0.2472641091522097
 0.8383504762679687
 0.6809539039792355
 0.9963155690652019
 0.8759527569652813
 0.7965382760970144
 0.03606599834864526
 0.9997992204222926
 0.99997903248442
 0.9869596721291888
 0.6047081253879121
 0.2880337418935325
 0.5603546279879209
 0.9522572254538479
 0.9074439337630565
 0.906672814546268
 0.608919569307994
 0.8008387259084098
 0.2092728951638989
 0.48684759014285
 0.007090718816583521
 0.4559672700171716
 0.9976475231786325
 0.03550841725954947
 0.9402295581150422
 0.3491080327826901
 0.9783026085625635
 0.3693626797948016
 0.8276792425970678
 0.6506332117505002
 0.2954463885835572
 0.8927098167180684
 0.9722778502317242
 0.8918685998243029
 0.4156995258224053
 0.6852191829543391
 0.9635977217521919
 0.9926662356255742
 0.2324567632804029
 0.6950650023940523
 0.884739540371811
 0.3259244661776843
 0.4919421896347272
 0.8830718694826867
 0.9871401572879143
 0.5882948699101268
 0.5305232982470234
 0.4473038206317698
 0.9907340518701712
 0.5604611714025384
 0.9394825032143355
 0.9931957946356258
 0.6725000603525334
 0.9989297656351438
 0.483938494501343
 0.0753302756537626
 0.9110814011219156
 0.790944848691767
 0.9086019095068369
 0.999593242545541
 0.9220482464908747
 0.05503049381551108
 0.428174678882111
 0.4643581623729477
 0.9842233281875286
 0.8440370887890698
 0.8568989058680547
 0.9200062119142454
 0.999317028105287
 0.7224903169488734
 0.6354746669000331
 0.9928499737877766
 0.5530623808603775
 0.9479316479424439
 0.6884554804763278
 0.09619628884563426
 0.5211419532669199
 0.3180304960231167
 0.996426227002259
 0.9943905797713724
 0.9959274229754215
 0.9597232301015556
 0.9978379206422697
 0.9892933070299625
 0.9656853851436692
 0.8371099827670241
 0.9285632159313807
 0.9927281356267716
 0.524621495023925
 0.872769862114959
 0.423363446901477
 0.9107781685007952
 0.9302244317829658
 0.7786428143971116
 0.2762332906306086
 0.9703232431093687
 0.7323737478842089
 0.6680268712186601
 0.9739852665152507
 0.9999406930173936
 0.997977388096578
 0.9952180833249993
 0.9871961367703186
 0.9996237237297991
 0.9502205199599727
 0.7431776741173132
 0.956524559596473
 0.9979808474677209
 0.9982726288316255
 0.8214234374932003
 0.9912558458728506
 0.8758097783909704
 0.1928907397758376
 0.9359913152073145
 0.9821411227543414
 0.9936583055681757
 0.07505017349293654
 0.9823925971093866
 0.9765434346433822
 0.6063962179049516
 0.9750230818410349
 0.9696072492846957
 0.4821398331594102
 0.829426681974915
 0.8805107671886218
 0.877377529031985
 0.8038712693247352
 0.8384158599931385
 0.3518546497150404
 0.2459012750756968
 0.9975598115044568
 0.2327515699185634
 0.9762346062597215
 0.1929684596369259
 0.9742403030667732
 0.4387907493045846
 0.06991169715568267
 0.9322494311675603
 0.9450995583328597
 0.7771652920301446
 0.1684016889089656
 0.9904550772432015
 0.1439246347538706
 0.2790483610719759
 0.9780514351612869
 0.9183440782463645
 0.9997879767732818
 0.8749707641876548
 0.01620235975717942
 0.9569633355207871
 0.8942332340030585
 0.8008174666787033
 0.9609445422453226
 0.365460574867967
 0.8630465980771723
 0.997116742460872
 0.8582905776995614
 0.9957697106417117
 0.7615461201890265
 0.7692718321749276
 0.8021375205142687
 0.4848369963834909
 0.09200506717607262
 0.9944150732211718
 0.08555362366108042
 0.9847350165122619
 0.8272901440903492
 0.9839098562535106
 0.997758621818965
 0.9623878309525794
 0.8843198237248698
 0.5114546724156642
 0.9955297013290866
 0.8468696211942104
 0.9227412996960604
 0.6803649242676365
 0.9713345543117806
 0.4452288242064871
 0.4876512831784318
 0.9672185395751588
 0.9877995951644751
 0.461114782862079
 0.999926841913823
 0.7793153820363938
 0.5942950105525913
 0.712850721396465
 0.9319882519019134
 0.9907086637831796
 0.9590278907342962
 0.9001384835388241
 0.9884698534155689
 0.5593613983828829
 0.6887536733081128
 0.8942653504442533
 0.951253356025338
 0.9846276098928169
 0.9985939833620621
 0.08924310371095122
 0.7146734237295846
 0.7283274644024771
 0.9956055257430981
 0.998414077166914
 0.980137775262964
 0.6207274207550417
 0.999899864308876
 0.5386971787395465
 0.9973653686638652
 0.127006621907067
 0.9999294251574224
 0.9020789154344436
 0.9879611205387079
 0.4756157128491505
 0.8343321284073112
 0.5498779365338962
 0.02724269565909718
 0.7769432456791735
 0.1703949134612554
 0.7793905949573635
 0.9687806581188972
 0.9155131869740533
 0.8551923058738199
 0.4118556453214036
 0.9838119045088727
 0.2077116876465578
 0.07547549137362003
 0.4947511003742088
 0.877717774176884
 0.9998226969174909
 0.9975332162827107
 0.2683955639403661
 0.4365661443341523
 0.9805236352914332
 0.9967090815495486
 0.5473944580588079
 0.6292524116964706
 0.995716266868385
 0.3518623562789773
 0.9961874224278554
 0.9303332323122724
 0.9985407187035135
 0.139018794091678
 0.9989500594508666
 0.2025303936734581
 0.9959775568894583
 0.9999257345836791
 0.6522633583769251
 0.8318194640839489
 0.3584073629821422
 0.987004601774914
 0.9968982633901042
 0.8243863604738475
 0.952288264046279
 0.9985176882219783
 0.7758435089976645
 0.5806041752346711
 0.8490883742081853
 0.961605007992112
 0.9374421357353636
 0.9996080886596245
 0.1782776813161493
 0.9678253382498747
 0.8901059818984989
 0.9977492033597898
 0.1757138327854015
 0.9977303309704914
 0.5268120196701294
 0.8698398912661341
 0.7702159245967017
 0.9997257680459364
 0.9639089401851495
 0.2313293833245272
 0.5828437680248604
 0.7187665311946496
 0.9167010658500854
 0.9359264512579318
 0.5532443342559042
 0.7641166398897823
 0.6775566254772724
 0.06917905594634151
 0.9498421669847479
 0.9870717853354688
 0.8960034700562471
 0.6627441576834973
 0.8654212317454472
 0.5387383053429124
 0.8462202647018823
 0.8365248659497925
 0.9291646453447142
 0.1552932276639744
 0.7534889877401508
 0.7647715479653778
 0.9428675751842294
 0.7861624148959692
 0.7289827905855828
 0.7801822480363343
 0.854525870915799
 0.7602902102737498
 0.8547923292292419
 0.2237123239988895
 0.8719524872092507
 0.890929154821269
 0.8234807286627941
 0.9472933846051085
 0.6941307898771119
 0.8921829804078412
 0.8373022075941509
 0.1818716207025143
 0.9229801628648007
 0.8330240559508649
 0.6818862328570334
 0.9653935883623478
 0.9837476562762368
 0.8954386949656079
 0.6926350827817701
 0.7768299022231232
 0.935123114743806
 0.9991071583643795
 0.9476716871801103
 0.6311517789804175
 0.9231527684705094
 0.9566914766776818
 0.9802054941528916
 0.6602264392149553
 0.9334495022618192
 0.6555936369291779
 0.9658339903759784
 0.9180633223466965
 0.6021048372591921
 0.9648120681183289
 0.7522555116899431
 0.925815595891223
 0.8708897861816831
 0.3745592744325882
 0.6413072826492164
 0.8918085533226623
 0.9260080001927149
 0.9369788405024814
 0.5382508942494071
 0.3940912416580766
 0.8497846891685963
 0.955076154059877
 0.305367030529143
 0.9824428134820095
 0.9804832610770097
 0.9309409545428393
 0.1748403056817369
 0.9793824928562174
 0.9576128907487957
 0.9932072730095922
 0.8620755455826264
 0.1837882979812631
 0.2082529015725012
 0.882732975636083
 0.9357149485419085
 0.8692272578217999
 0.9966577737284731
 0.7401393324448958
 0.9700485721502796
 0.6778453366868665
 0.9634532640066137
 0.9857209711093217
 0.6781511256449722
 0.1235162331234685
 0.9615386974469585
 0.763869965507306
 0.9635421743896482
 0.951046168335694
 0.4438616434816551
 0.9023907100962495
 0.8673038608080241
 0.4598958205837835
 0.6220302343142403
 0.7848264917942281
 0.8759163348102206
 0.7576472358683235
 0.7103066976314011
 0.1524181985928812
 0.9827657075259564
 0.9548975802414275
 0.6412813343528313
 0.9153332408843639
 0.6332025472979189
 0.997505514280673
 0.9042084032387435
 0.9638377860981207
 0.9905926697327604
 0.9373227727747984
 0.8384834680277832
 0.4656040704643086
 0.9598033708016721
 0.8233324470005726
 0.5927097885616793
 0.8802739248691099
 0.7387658948611093
 0.6703703043268552
 0.9903825113080441
 0.2709641288506183
 0.548194870472959
 0.9395606822255699
 0.9541280190646407
 0.9732459784003453
 0.8281643805183626
 0.9698444912705922
 0.9378241292655359
 0.6876770845775437
 0.8670034515329385
 0.987923328695165
 0.5328817325685841
 0.06916091282885468
 0.8681777679957158
 0.8873427570894644
 0.9077956284437924
 0.882706630843867
 0.7015881718334153
 0.6321752505336014
 0.3555140288530979
 0.7977017281054312
 0.5897528393572105
 0.2000997327087137
 0.8097066814726855
 0.9851989567535709
 0.9459201401343481
 0.6936032302191771
 0.9770648124131827
 0.1876898852837718
 0.3804734212252034
 0.9826968755291933
 0.8431052896710286
 0.843593431865603
 0.9890914775964187
 0.9629673836655279
 0.4987317158026479
 0.9479935150816204
 0.944298840205601
 0.8266957541248319
 0.9342375475707037
 0.2851047009423398
 0.9513346879111688
 0.9274343269691694
 0.957950738164139
 0.9788729182536319
 0.06939016569347739
 0.7565379685824232
 0.9825740030065027
 0.9751256318696401
 0.8366824630203026
 0.8220801925196166
 0.5483579376197983
 0.933810117080871
 0.9429990413310798
 0.4487588754219389
 0.919506715019804
 0.3716564469485113
 0.7322616719717701
 0.879168168847036
 0.8309744817175069
 0.8491012360319842
 0.8908119394683672
 0.9018273668369252
 0.7880570648432156
 0.77813876963633
 0.777736540081607
 0.8144907419382184
 0.8309283452785977
 0.8723696309083682
 0.7647782512680987
 0.956309418059858
 0.9639514731546716
 0.9169627355036578
 0.2716929161645631
 0.7027868537300976
 0.9667314884395051
 0.8222721930146577
 0.9375300132805144
 0.8779856741162434
 0.9499675202433767
 0.9222695273925008
 0.3061127076356293
 0.9666947635391285
 0.9381562154706709
 0.898029702117334
 0.8093316883653547
 0.7420589577824832
 0.9409931415674617
 0.9314036497740054
 0.9359170984140609
 0.4073000368541437
 0.8699800100791901
 0.9158483531224939
 0.9622678708878253
 0.726891143496346
 0.900379475145819
 0.8718415801492442
 0.9787936640442639
 0.6618491034515815
 0.9728764080117214
 0.9531473073998911
 0.8492547502108053
 0.9709461531849684
 0.8121726142517135
 0.8511864953295203
 0.9412829947090707
 0.5367490680306081
 0.7648113497585559
 0.9802580688012991
 0.4343206695718154
 0.8737059257251323
 0.9553589317502209
 0.4426994828662127
 0.8418841487782242
 0.8755228433075897
 0.9799222433131589
 0.9595044513195231
 0.9557091156692427
 0.987424322924489
 0.9170853779546753
 0.9269308724551517
 0.790700080659373
 0.931739111680575
 0.9009832205332214
 0.9291061699323773
 0.3641668903108085
 0.1879999842083612
 0.7324748627420591
 0.8367625546095557
 0.9892087566924591
 0.9044515575844136
 0.6683497054815154
 0.9835980262482925
 0.9972691347963335
 0.9912772012673291
 0.9925446376158397
 0.981190239657697
 0.8670650782263212
 0.5393741576406695
 0.2454806280092642
 0.3385074672213547
 0.8866193306312327
 0.1278538175304191
 0.9656399270280146
 0.9012288081394585
 0.3192223105423658
 0.9523388472793634
 0.09376232046505452
 0.9793323748359255
 0.2440990180640177
 0.9363429545972903
 0.6545721610395047
 0.97277573922208
 0.9440900577718608
 0.6043147419292746
 0.4584962827960813
 0.7882979341383157
 0.721735977863091
 0.6403063641825631
 0.6481085720980443
 0.6513180784974827
 0.7208055875011224
 0.8748247306596064
 0.2486127806370083
 0.8567717816992352
 0.7233047318498268
 0.162342992135557
 0.904401033729759
 0.580622167083289
 0.7736842748676248
 0.6760062606102114
 0.9610239047395706
 0.8594023647302903
 0.9123740299687502
 0.1569374901088577
 0.7412046802301431
 0.2413480127629146
 0.705612046661047
 0.916400852337528
 0.3381048193879224
 0.8931348430143263
 0.9119387241789295
 0.6210994871642449
 0.1665882484593851
 0.8806421115827461
 0.8420708101779932
 0.8072056462689555
 0.9881753795101321
 0.9125596115986042
 0.9388256077955889
 0.6692822865070103
 0.8360245794846433
 0.2804111576024372
 0.8118098968167304
 0.9907206745581846
 0.9785508554714228
 0.8028634160222303
 0.5586476795328312
 0.5062304854357874
 0.9172905057394911
 0.9796022821157068
 0.9812601703613205
 0.7768978754779085
 0.4756421516367572
 0.8096669935326249
 0.9880547861746315
 0.5382256334843301
 0.5180268122546001
 0.8384142938999256
 0.9693981200221561
 0.8898790179294405
 0.9215618580917602
 0.9004530780688502
 0.9151204949708653
 0.9803129247226335
 0.4747789882041262
 0.7175109171381902
 0.7957412849905406
 0.6498518862789602
 0.9139196021224157
 0.8798675370673628
 0.7485786282685994
 0.7358948301066555
 0.9163142203716463
 0.8974716778414376
 0.6478143809675145
 0.4836901339947169
 0.2001276374319809
 0.5075006889749752
 0.8710739317945186
 0.9849842682190154
 0.8179880406361026
 0.9930677127630364
 0.8318886756699674
 0.9456707459601461
 0.894648233265197
 0.9744577234031858
 0.9895939340250217
 0.3873193210705907
 0.9108713782924907
 0.4835316429210965
 0.860781474986453
 0.9427642591797972
 0.9415242228203328
 0.9114805544523216
 0.9715225980843493
 0.528215070881825
 0.8029650090606156
 0.9508920441640099
 0.9570068643236885
 0.997104997188297
 0.8430087880411962
 0.5725351131570304
 0.9319581743308024
 0.9137007374426158
 0.7465083030063079
 0.9078267137233946
 0.9364505186154998
 0.7492973175089168
 0.9679317418881344
 0.9131789633285723
 0.9497692787197213
 0.7327964215240645
 0.9699675438066231
 0.3579064855036395
 0.8542636335501217
 0.3353498827924275
 0.93758739199571
 0.5965016374252681
 0.4783570566007901
 0.9338536269408122
 0.6966804682857962
 0.8245258560324221
 0.9549431040825382
 0.9180572299401725
 0.08100134125849479
 0.9341333238062792
 0.7636740744198252
 0.8137890853995301
 0.4849794359334919
 0.9931592753152596
 0.8005232845678567
 0.9707255960637827
 0.791353890871187
 0.8732810665366378
 0.9643710960885848
 0.6454774401061282
 0.9255722717213472
 0.7256925729614918
 0.4399470536194569
 0.3140378030196647
 0.7744914461433138
 0.6453445431074485
 0.8195941074989166
 0.8732303779062096
 0.9348981195166886
 0.9911287160327844
 0.879749060396678
 0.7799614781557045
 0.9586365205989664
 0.9310589611529357
 0.8848269328659153
 0.9822484253845498
 0.3034746226573851
 0.6907993321456775
 0.9797104054169965
 0.5901470769041643
 0.9350093985973694
 0.8552567624366412
 0.5129805483271801
 0.9983757151031774
 0.2890390349580541
 0.5003809676982178
 0.935950308066726
 0.92339983995457
 0.9141943883691523
 0.9137505374108713
 0.1246373841630417
 0.9748971755787296
 0.943915861073422
 0.8437756243663154
 0.7272877754831438
 0.9833089893592015
 0.9945424932097146
 0.9019976990467418
 0.9891764899558199
 0.9142956594764036
 0.9818369029332227
 0.9938835406750289
 0.9793772947754299
 0.956261780413828
 0.451390090179614
 0.8182621348286987
 0.885953689556186
 0.9916672569991145
 0.9863931624936599
 0.6857933140342795
 0.8943446381821482
 0.4913654657782842
 0.8727877263827241
 0.2442280046451908
 0.8913750440266188
 0.5578965278919464
 0.9476096595003143
 0.9515037493022076
 0.9454229653391503
 0.9241591068254496
 0.9636694542985658
 0.9174985247071659
 0.5532473801639112
 0.8318125763374374
 0.6101746577725321
 0.9023861317886321
 0.9402754471632423
 0.9967888227770755
 0.9905786634386731
 0.8129573396322942
 0.9709755219873953
 0.8165075639002801
 0.9008028793590254
 0.4530492049594806
 0.9798428613551726
 0.938508596104398
 0.8384787463361143
 0.9679933202675287
 0.7999059799058352
 0.9375527297216966
 0.8986542206961127
 0.8267174254203931
 0.982085203406201
 0.6933075589702242
 0.8767554832159805
 0.4153582094966419


